40939399
40906070
40651930
40500311
41248359
40857986
40550276
41238723
41214532
41193992
41148236
41058585
40966533
40907090
40774233
40753941
40742386
40528389
40227643
41160926
41094694
41087656
41083972
41057644
41076734
41149362
41117394
41059380
41023472
40901038
40879406
40789339
40764445
40492471
40457034
40441773
40384367
40289592
40214960
40126083
40993548
41076410
40958393
40954279
41008351
40451311
41093738
41008403
41008319
40238956
41022653
40954525
40948447
40903428
40891041
40889946
40768869
40762150
40752280
40683774
40543818
40441942
40415148
40280825
40262420
40153538
38646703
38557431
41010903
40917242
40790462
40759509
40820228
40785170
40712224
40588789
40488989
40482961
40480282
40462618
40298207
40263062
40133128
40079251
39938002
39863474
40730397
39909861
40724201
40668307
40203967
40659932
40618026
40636250
40438953
40390335
40381314
40353593
40267731
39887591
39882790
39503372
40647211
40611851
39761997
40540720
40471217
40466100
40103483
40495575
40495289
40388933
40261292
40107929
39922446
39868903
39854098
39831385
39419460
39324780
39102382
40442715
40301021
40491943
40600025
40426671
40359409
40349232
39868558
40354560
40340052
40252512
40157435
40120211
40117894
40084665
39986906
39749679
39668706
39425589
39235323
39046886
40298695
40294408
40426633
40271986
39862980
40217164
40186124
40246706
40084663
39862581
39841404
39821434
39749399
39710559
39558706
39384733
40192627
40134270
39288961
40121512
40113786
39761756
36711943
40142629
40050378
39269457
40053803
40045280
40045225
40086910
40071373
40026013
40024918
40021526
39929032
39675678
39579261
39266407
39566583
40074663
39994576
39962563
39996907
39907500
40308647
39962903
39892198
39868480
39862881
39835577
39823778
39713899
39699037
39503943
39164933
39926391
39856128
39825282
39822287
39857187
39793542
39490916
39789030
41051809
40219895
40215604
40123132
40027981
39838709
39658351
39610284
39608085
39603508
39487633
39427932
39231919
39001696
38780969
38494742
36409466
29494058
39744374
39741882
39726912
39660687
39617744
39471701
39460556
39387833
39297292
39195952
39133575
39013750
38462968
38404021
40226691
39624803
39634772
39549084
39307006
39543583
39611055
39531267
38522914
38709856
39812009
39595876
39563193
39558464
39540250
39442414
39344629
39327264
39225548
38940382
38505945
39478058
39322558
38704737
39321409
39391020
39544660
39390858
39390853
39377555
39243355
39235524
39234671
39172047
39164158
39127457
39117299
39009312
38896893
38720624
38153242
39302979
39311248
39564282
38897440
39231554
38426222
39627656
38909542
38695380
38533792
35764422
39214962
39182059
39179981
39203722
39107406
39093481
39072742
39129694
39092182
38982845
38942197
38834449
38758282
38735537
38710325
38658231
38443298
38214108
39054326
39004615
38266149
38976268
38956137
38877658
38822147
38615911
38597943
38593940
38231374
38833653
38830182
38907208
38839833
38834971
39430139
39023149
38899465
38834246
37997256
37922191
37488778
37409731
38816695
38570074
38781250
38778380
38776029
38766481
38717798
39255020
38857888
38769801
38640961
38513369
38452494
38416170
38403289
38389222
37970813
37128648
38582898
38212973
38015288
37545159
38452292
38400706
38303161
38239023
38237255
38232445
37335212
38261982
37699427
38354142
38355436
38207223
38345702
38317248
38303088
38356477
38237369
38108673
37915279
37741610
37668827
38344232
38279143
38313558
40033596
39781213
39302375
39250901
39240639
39113447
39097906
39068922
39031368
38874248
38848193
38839316
38768581
38696151
38676689
38669560
38545654
38513620
38374744
38306041
38143362
37980780
37932240
37782967
37782966
37201184
36999914
38179433
38155179
37995462
37990547
38141049
37729769
37385898
37381880
38036966
39052823
37914222
37806671
37385899
37213189
37194465
36995269
36715000
37449850
37801360
38313168
37817385
37803500
37531702
37526768
37221053
35142047
37749500
36509707
37732590
37551136
37528586
37348392
37711233
37620920
37607567
37629464
37590054
37510946
37545719
37501974
37245524
37130464
34294015
37425947
37396666
37286313
36943287
37351584
36736499
36201368
36941070
37241119
37132066
37097662
36775580
36647923
37163030
37238956
37098513
37076567
37253125
36949846
36758621
36701853
36508212
36464975
37020737
35083950
36799956
36756689
36745966
36583848
36283953
36148575
36979186
36446750
36879722
36434931
35676795
35100918
36190802
36624382
36688162
37699860
37655404
37066911
36950826
36655645
36490272
36402056
35446723
36572691
36261343
36554774
36514440
36498332
36357126
36335542
36317267
35445519
34191260
36506467
36363543
36600515
36284449
36257223
36387009
36289297
36240173
36293591
36058887
35863150
35853559
35811445
35420834
33761300
36187571
36123648
35779670
35772626
36138976
36101657
36119701
36052198
36052197
35753049
35749631
35213766
34708475
33899678
36092817
36143150
35830959
36072479
35986203
36005258
35538300
34821521
34124966
35937073
35819413
35895056
35604656
35567346
35490476
35364452
35346458
34669540
34254553
35742625
35844786
35220357
33682540
35594063
33754961
35544317
35538522
35586201
35128762
34454923
34229584
33622073
35468172
35410145
35633155
35720657
35247744
35171235
34911368
34450643
35317432
35190191
35036984
34958871
34923217
34728587
34623735
35210344
35183116
35360276
35237627
35165292
35146060
35120284
35084704
34183087
33998956
33724091
32404661
34037689
35331144
34991532
36592107
36476696
36279235
35912738
35599483
35599480
35342090
35337631
35307654
35275557
35147532
35098979
34963072
34924392
34864668
34814099
34768029
34742925
34454919
34039534
34961546
34948879
34353790
34898646
34925096
35356846
34228317
33081505
32319015
34597386
34755541
34405224
34803857
34570180
34399870
34369598
34663799
34641989
34523075
34520997
34425330
33793069
32426992
34630183
34542418
36324720
34515776
35319693
33724517
33721299
33392982
34575040
34432842
33948656
34483998
34325805
34354162
34413797
34352166
34216935
33992530
34283032
34287277
34060188
33914574
33786884
33563798
32820955
34248608
33843983
34198487
34200303
34370420
33830425
33745342
33619849
32618535
32108530
34108874
34069601
34054625
33766994
33685980
33734344
33953218
34017242
33598981
33910556
33739929
33729425
33856971
33812772
33640853
33595992
33470043
33434454
33423870
33275166
33091165
33084927
32863188
32036726
33787499
33810201
33742011
33855297
33663416
33970664
33622666
33567399
33493467
33468519
33442845
33395732
33206383
32977734
32680763
32208884
32106897
31918561
33716830
33628415
33526504
33476877
33331023
33268471
32816194
32809151
33439851
33359928
33096329
33446114
33441154
33407194
33404617
34633324
34487043
34334394
34275910
34024833
34024829
33975314
33935080
33907606
33814424
33646168
33612541
33509024
33459663
33459637
33393797
33378074
33227684
33196105
33145603
33104038
32565008
32036772
33055276
33424685
33323037
33293470
33055142
32734380
32579704
32394109
32060802
31411039
33266111
33219292
33208795
33329088
33312138
33004605
33189129
33177575
33173922
33149110
33224927
32956117
32889699
32857486
32797255
32771860
32718797
32476139
31830849
31561724
33192487
33192732
30877750
33076372
33173523
32853825
32694297
32430087
32391573
32375913
33132939
32518060
32962076
32957414
33033486
32907903
32857484
32830218
32716001
32651249
32544926
32449791
32363605
32329359
31906766
31635522
32859191
32761061
32602253
32598116
32353168
32281119
31783373
32717901
32706944
32518146
32635640
32888656
32801252
32690123
32490831
32381437
32170444
32102601
32088096
32081532
31402683
30171210
32469314
32072168
32570436
32479315
32198120
32520946
32186250
31883197
31782661
31656211
31526407
30698470
29895893
32444620
32410651
32536421
32463470
32167785
32146314
32077733
32067288
31930617
31735487
30951261
32238507
32607400
32248930
32062052
32056946
32049742
32019622
32000270
31918594
31894601
31873787
31633557
31535612
31495773
31388746
31228259
32159519
32139451
32730371
32166190
32160990
31969207
31918380
31871139
31829729
31658930
31342865
32153465
32148563
32093795
32074412
32023367
31802212
31469297
31448481
31177644
31154933
31732566
32010701
31941440
33185596
33104025
32925092
32925060
32925031
32798911
32659778
32648477
32610338
32568205
32417778
32390614
32320973
32289790
32116247
32083586
32003417
31985463
31954041
31937636
31881520
31771056
31735378
31681982
31616991
31559533
31555978
31494822
31189339
30757953
30449141
31860641
31857304
31503333
31852160
31796642
31571008
31534024
31444048
31435870
31422368
31241428
30685297
30501456
28933658
31700058
31588880
31553039
31343240
31279669
30935215
30782219
31656033
31640576
31635199
31844503
31446592
31342135
31267621
31256281
31188286
31109909
31050041
30993719
30600489
31565112
31556498
31361357
31350667
31327051
31321539
31320275
31313875
31276755
30138143
30136743
31443106
31434232
31346625
31311842
31294917
31241031
31170813
31118162
30910421
30607676
30238866
29192512
30517631
31428305
31085360
31345310
31256511
31241612
31151748
31101555
31033515
30953654
30945374
30688000
30499598
30444020
29059120
28786908
30799347
31185923
31261554
31223247
30985404
30854733
30834978
30617439
31166519
31133550
31122239
31092277
31072403
31116658
30913958
30911822
30879736
30836806
30788615
30718064
30667129
30362933
29424552
30999680
30826716
30568131
30842292
31061232
30703703
30655032
30537912
30322899
29304202
30737341
30841587
30851950
30713036
30689734
30681186
30474244
30406574
30394003
29542093
30814568
30783550
30868501
30688355
30630729
30604055
30523659
30403307
30394772
30306414
30279047
30270027
30146591
30107062
30103612
29335041
30673880
29415276
30423541
30292146
30621313
31753148
31683475
31640092
31619653
31304792
31284232
31156171
31092785
31003069
30983294
30845903
30689584
30584142
30539722
30299347
30084177
30035696
29923469
30596660
30447861
30408646
30378268
30376184
30355543
30317048
30315392
30276884
30251374
30037742
30398087
30369270
30346491
30336992
30296336
30238588
30211612
30178175
30145304
30085899
30048834
29884723
29244062
30425751
34654234
30238286
30212839
30082208
30027214
29979473
29879608
29362011
28597694
28439787
30335265
29953925
29878204
30103065
30100113
30037284
29787739
29407942
28535075
30192444
30121084
30107802
30088601
29935757
29804147
29748110
29737879
29728937
29503213
29436490
28914089
30057445
30021532
29801902
29801896
29730329
30073037
29966477
29941156
29793192
29676484
29625875
29551546
29548857
29548721
29505320
29417692
29332552
29146222
29937440
29704671
29488192
29325447
28911268
28065176
27353568
29731299
29734988
28329867
29672668
29661332
29604484
29521883
29481995
29449185
29436160
29292530
29282160
29252121
29143702
29089398
29670402
29606317
29498779
29437184
29383616
29374303
29306607
29247347
28931452
30035003
29453244
27927733
29329059
29513463
29409164
29331848
29210282
29148293
29114969
29110353
29079017
29032789
27231036
29454326
32789226
29100973
29290208
28951497
28945120
28931446
28879833
28871794
28434642
28416030
27802775
28582564
28985387
29330419
29196576
30452412
30412491
30103335
30056433
29966193
29865086
29710717
29710716
29689719
29682232
29633694
29376861
29189922
29186356
29171995
29131091
29050493
28927477
28895973
28755989
28648111
28506191
28370353
28247480
28240379
28067961
29253029
29256912
29202529
29037500
29037499
28734148
28418163
27911015
27787708
27714849
29052660
28844367
28276131
29040310
28991661
29306357
28838910
28818699
28791690
28676310
28283381
27730477
27578455
28926003
28882104
28874701
28937923
28892315
28826872
28789795
28759804
28651750
28389975
28127989
27965058
28794518
28701492
28898959
28789478
28699151
28643887
28632431
28612623
28472425
28431489
28264768
27618648
27428560
27048704
28754095
28579482
28618899
28452648
28437320
28410856
28396180
28364591
27733425
28694690
28645961
28606500
28486594
28425642
28340390
28274302
28177178
27943444
27251297
27075452
26882509
28493898
28536519
28522892
28264087
28130887
27981366
27480263
26666575
28441964
28431515
28425238
28278447
28399152
28483068
28413709
28214265
28202373
28181457
28099631
28088925
27696678
27277217
27246824
27060966
28331022
28323838
28228566
28327492
28253928
28168438
28089265
28089264
28079675
27842720
27838315
27623026
27562420
27411501
27017917
28131192
28193195
28303060
28225493
28161090
28158169
27993522
27866044
27786143
27644916
26889640
26822516
28129741
28017247
28017228
27839720
29097960
28081723
29265081
29073590
28914218
28884712
28869463
28855464
28759970
28730259
28624821
28595181
28578330
28408788
28248559
28248557
28124590
28067611
28059789
28035924
27911313
27858707
27802220
27670392
27662321
27659190
27571419
27469360
27417070
27054957
26488262
27771195
27524403
27434512
26312455
26150429
27598269
27514578
27454622
27448517
27270271
27222059
27640073
27721206
27567885
27653908
27567867
27567824
27484407
27452600
27380626
27314246
27166164
27598965
27538418
27054440
26807552
27573215
27336799
27536962
27567808
27503823
27355103
27329542
27322571
27184521
27020694
26654174
25984756
27461245
27450155
27447426
27345168
29213453
27472000
27158121
27111252
27056065
27002495
26940028
26928581
26917555
26900739
26803583
26792098
24670286
27267880
27260328
27153818
27151388
26969535
26944910
26203157
27228158
27184278
27084227
27335192
26915605
26899820
26828906
26822417
26806538
26673910
26576967
26572551
26295379
26179318
25721569
27605868
27532313
27364400
26788714
26739446
26602086
25952646
25952367
27060941
26874940
26827110
26695691
26626463
26404166
26114924
26895203
26810545
26717857
26711668
26705846
26674655
26502729
26493280
26209222
26096665
25963296
26824746
26933435
26723977
30620504
29688673
28100894
27684067
27445626
27181347
27040141
26890774
26890770
26890768
26889802
26889636
26863996
26836181
26805646
26757195
26757043
26741499
26659013
26507184
26426392
26251110
26207978
25968325
25720862
25660372
25123689
26714251
26707561
26671151
26490555
26490330
26343341
26205768
25754669
25754519
25737233
25627292
25533477
26606247
26578083
26350121
26338814
26329729
26329453
26300077
26228098
26210749
26201550
26152654
25916562
25865340
25476003
26385880
26448131
26398362
26348433
26321021
26301603
26235668
26185903
26166205
26095948
25511791
26352492
26228083
26208108
26141491
26108739
26070289
26005192
25829482
25739637
25641910
25254409
26296336
26268660
26270953
26280289
26193860
26117435
26071817
26010393
25967086
25962410
26227380
26200048
26181568
26135736
25854747
25687929
25661994
25545235
25545189
25365564
25162776
25090144
26082708
26055780
26055779
25967541
25957245
25904206
25892660
25890772
25737166
25677354
25595665
25532691
25516199
25458810
25330926
25204314
25092799
25974049
26035777
25941103
25932637
25840672
25776735
25753457
25702600
25687925
25651577
25567425
25118333
25047306
24953008
25899716
25809278
25600482
25858941
25887474
25729001
25688083
25238282
25028345
24921239
25852542
25653291
25910393
25812125
25548978
25403309
24200595
25709422
25535110
25449044
25319873
25288130
25119700
24848193
24823894
24630745
23871117
25593340
25559550
25555189
27070004
27031911
27030831
26406134
26402103
26402074
26402012
26401927
26401564
26401563
26356394
26333257
26332177
26226988
26120984
26081323
25923857
25918077
25876569
25854929
25769262
25765916
25716491
25697700
25658577
25624417
25613190
25600920
25597563
25435322
25420207
25374109
25322926
25162434
25125462
25070650
25066623
25035261
24963835
24954009
25469706
25361785
28360647
25710981
25539040
25370724
25288577
25249295
25228003
25203470
25194823
24846770
25419980
25394020
25306937
25260967
25117990
25109808
24990625
24865878
24713195
23890751
25382974
25253750
25324879
25201544
24929862
24854963
24403280
25128183
25373260
25323960
25224917
25192570
25186621
25017671
25012429
25007866
24828750
24550546
24984914
24978845
24806873
24339344
23768682
25041813
25071370
25036938
23830548
25226106
25177331
25045372
25014201
24954149
24856227
24839938
24760339
24487382
24188046
23806681
26126180
24939404
24890186
24863641
24817690
24686158
24565278
24481242
24316038
24218528
23602308
24739783
25065098
24700290
24599641
24337684
24315729
24286481
24184306
24105658
23619332
24760851
24720782
24676589
24676322
24673304
24650067
24630532
24532007
24133289
24006215
23963653
23456184
23418130
24461565
24729951
24647244
24528775
24262299
24252377
24144250
24134506
23846797
23759435
24586685
24398344
24315730
24267688
24182523
24169147
24161377
24135083
24021844
24007699
23969088
23715751
24371304
24450311
24465419
24402064
24393373
25617887
25492674
25379547
25327368
25318789
25212918
25171652
25049450
25024337
25011444
24911813
24825957
24684034
24603498
24502686
24481207
24480815
24368882
24357510
24356464
24331082
24311223
24254701
24217273
24169925
24135627
24059840
24047643
23671016
24035530
23982341
24446563
24330215
24289467
24252163
24230964
24229652
23992241
23970460
23836341
23725553
23388067
22807351
24107869
24304678
24175989
24164152
24147540
24107753
24094296
24068457
23989344
23849500
23769414
23715910
23636003
22975107
24099097
24261210
24247857
24247855
24247852
24117286
24048110
24026624
23959214
23793818
23307695
23303767
23290436
23276131
24134554
24088406
24047633
24026135
23930743
23930742
23921986
23831176
23763895
23567364
23769684
24021498
23846849
23712560
23902570
23601697
29213846
23709414
23664844
23557594
23504051
23414669
23261142
23092697
23738569
23855199
23803639
23803637
23584852
23567425
23352355
23026547
23543483
23521077
23506125
23425620
23072364
23516319
29213836
23611346
23581873
23558484
23551355
23498386
23421625
23400362
23339489
23320979
23123009
22760169
22700526
23551412
23362076
23351239
23264651
23083490
22552913
23249243
23113901
22936530
22691088
21696925
24450144
24090038
23969758
23930516
23838825
23751773
23548031
23485683
23445555
23435409
23432627
23428994
23398350
23364170
23301077
23242363
23154430
23103091
23016837
23001707
22929164
22820720
22515731
22368079
22261729
23266782
22935408
22858218
23209065
23067307
23020942
22883019
22835209
22711157
22451344
22939818
23158228
22835409
22527230
22469909
22458668
22398875
23224456
22771128
23007358
22935515
22895582
23015232
22985139
22974860
22930700
22914597
22859701
22717370
22705032
22387055
22383107
22173933
21997602
22411212
22353375
22237822
21857219
23544775
23227586
23037646
22854610
22788404
22715983
22687442
22685067
22668843
22572553
22395762
21959363
22792584
22754292
22687392
22664551
22596109
22503942
22425432
22341622
21773997
22517323
22578384
22573285
22549356
22522960
22469285
22410206
22166396
21760482
22510387
22443245
22291219
22219430
22023890
21948454
21744390
21617520
20685009
22495338
22495337
22447800
22414405
22414391
22379246
22353235
22183872
21764646
21596732
22346736
22323347
22283832
22145992
22064613
22035735
21995955
21975263
21895880
21780179
21770826
21584738
21462269
23939440
23388601
23373573
23277780
23235472
23208452
23109804
23008707
22991511
22922821
22854420
22821126
22722671
22713379
22652933
22571979
22568063
22568062
22543849
22531424
22453181
22450614
22450611
22425723
22400185
22349686
22330824
22236943
22214356
22142359
22007617
21987593
21917501
21915910
21915909
21895376
21890483
21763789
21682940
21621393
21565901
21486918
20970890
22044532
22123275
22033118
21945481
21902862
21899988
22674596
22084280
21684552
22183468
22040900
21604877
21585581
21515557
21422909
21303350
21782199
22003987
21957917
21946802
21739470
21729413
21518170
22384767
22136538
21951956
21899670
21889116
21887844
21845597
21816863
21810890
21788252
21633124
21611985
21641004
21964223
21877605
21547751
21269541
21161411
21148160
21277567
22364038
21948896
21815848
21709610
21495080
21406511
21346517
21272180
20872914
20677172
21914395
21649633
21616199
21606898
21574955
21188407
21138502
20587598
21445998
21292234
20537736
21584241
21518996
21677245
21385751
20972684
20850202
20836916
20678302
20675190
20658477
21437255
21447110
21391937
21256069
20957384
20931622
20716386
21462261
21252111
20690145
20661882
20597141
20431485
21269463
22343788
21904674
21898328
21804280
21785189
21747995
21688522
21674919
21474933
21442857
21422519
21335662
21271791
21157019
20980747
20919762
20849323
20841313
20336636
22691987
21180851
21168675
21155143
20864380
20836912
20800345
20713437
20630776
20175757
21118498
21069596
20853956
20678299
20556814
20669264
21037955
29213709
21037121
20808089
20738451
20736422
20709711
20660031
20402747
20104514
20920205
21542448
20875175
20836635
20635232
20594384
20580200
20561079
20455862
20573053
20478091
20434745
20053458
19777538
20979894
20635800
20587758
19903364
20400120
20529325
21413592
20535054
20378354
20367890
20206263
20182898
20030771
19852002
20722821
20517530
20225175
20220583
20160005
20153946
20003630
19965852
19434625
20505430
20463118
20237128
20226623
20220576
20202073
19556394
20089315
20594284
20339742
20230084
20183773
20015839
19274620
20374406
19937260
19783464
19783195
19705051
19582757
20113526
20101036
19921735
21116094
21098966
20930289
20930269
20862652
20605008
20544597
20418214
20375502
20164594
20164565
20130406
20114132
20051663
19874396
19517419
19308766
19908317
19996880
19909911
19905907
19372147
19933975
19864662
19808226
19775869
19655382
19324385
19274638
19705471
19858458
19845947
20077983
19996248
19773027
19713543
19538824
19418490
19882407
19882406
19873855
19855029
19748373
19700954
19660838
19654579
19362509
19167092
19084284
19514014
19608786
19346502
19776306
19776305
19776304
19597092
19560715
19424282
19288045
19169938
19412942
19578211
19547804
19368752
19323870
19172432
19131155
18977165
18715830
19567763
19410101
19396041
19204024
18801696
18448178
19185011
19133658
21165837
19622693
19622685
19393379
19322935
19307860
19216822
19138459
19166899
19273824
19280408
19254674
19252147
18515462
19204262
19281939
19252762
19187707
19053966
18834556
19996513
19942971
19907179
19836619
19672237
19609082
19584453
19435698
19339777
19327033
19276552
19227099
19208756
19197694
19164273
19158446
19158440
19151901
19145559
19139311
18512257
19008681
18657351
19024779
19024233
19023719
18975103
18953460
18708488
18703290
18543346
18328769
18709682
29213584
18982896
18978599
18838636
18609021
18556726
18498668
18462557
18457344
18425989
18412291
19068544
18855181
18840222
18757769
18669506
18597200
18579165
18440862
18925487
18778435
18571378
18453641
18371981
18806238
18693225
18591575
18213739
18172914
17765337
18714648
18541871
18953846
18763441
18713161
18591355
18568731
18480686
18289451
18215495
18000066
18465696
18398913
18457528
18446695
18344560
17886259
18307266
18597727
18525288
18500166
18413474
18302812
18285751
18284521
18257965
18210165
17973942
17918770
17680554
17651525
18074376
18407928
18327020
18291297
17676651
17621380
18506978
18268200
18239195
17996925
17928572
17868495
17607801
19052451
18679028
18669091
18667813
18560216
18536520
18496788
18401172
18332575
18305290
18297487
18204416
18087152
18063866
18042994
18033962
17964761
17900799
17889589
17467082
18445748
18215724
18095805
18081630
18050101
18048108
17894370
17464898
17721877
18351187
18000146
17999565
17922726
17923356
17875034
17702056
17628288
17572053
17380488
17299806
17882591
17846518
17845241
17767020
17716600
17712098
17572055
17709705
17969522
17599785
17516457
17642044
18219397
17901042
17620493
17136713
17685132
17633594
17545449
17504350
17136706
16831569
17536045
17605285
17593855
17493187
17463189
17463188
17463187
17463186
17457538
17152120
17290451
17684926
17545741
17468542
17420315
17371414
17336052
17131217
17006874
17341770
17322133
17076919
17313684
17311208
17380781
17364437
17315758
17264158
16870038
18441625
18427456
18166613
18160386
17986816
17704975
17700021
17641527
17623389
17570907
17565215
17317483
17317443
17308232
17308228
17308226
17299264
17233689
17077632
16820421
23631043
17203597
17178553
17167730
17085125
16805928
16567037
17136215
17117338
16257094
16814323
17135808
17123935
17011914
16966661
17217229
16970641
16955438
16787991
16953135
16607469
16832074
16863042
16834702
16547944
16848645
16799141
16549411
16420719
16698507
16670248
16614016
16627244
16683655
16615243
16567378
16529151
16505127
16477585
16449757
16388704
16505306
16537994
16473980
16200534
16435412
16401854
17044730
16963831
16954691
16873919
16707913
16682797
16679763
16608107
16547446
16534207
16532698
16482927
16426093
16424666
16401890
16391476
16390371
16361584
16340203
16339466
16414325
16288406
16518996
16425544
16417154
16398299
16319301
16316819
16316815
16315151
16291886
16291884
16202190
16185378
16084528
16396442
16263848
16254859
16250064
16195246
16327346
16230746
16170072
16098601
15906058
15964021
16257816
16166410
16095475
15916924
16120848
16092095
16087760
16085787
16085785
16035126
16035121
16024880
16179656
16082620
16021657
15999326
15995392
15940318
16006341
15956273
15956272
15956265
15925068
15920712
15920706
15896220
15716302
15883258
15852460
15842563
15819730
17998635
15799081
15734596
15945593
15804630
15728756
15713856
15677622
15634737
15705358
15699370
16147583
15825917
15703319
15668960
16760626
16088137
16020942
15817179
15791352
15775717
15704505
15660505
15616809
15383743
15215881
15739603
15715362
15611218
15596605
15550293
15548495
15541859
15527929
15512841
15545334
15481075
15465097
15631732
15449367
15370189
15361396
15899643
15378454
15352144
15314124
15468905
15304580
15205493
15371053
15446670
15250195
15220239
15209645
15180780
15683972
15311344
15211529
15147476
15145995
15175977
15175968
15503789
15237747
15126233
15126231
15086662
14666399
15037691
15054711
15190997
15107198
15085219
15027034
15021453
15017449
14984619
14997455
15004322
14604601
15774391
15305107
15259878
15207429
15195459
15029077
14870686
14707327
14676468
14564129
14564128
14673883
14572845
14640858
14618556
14618551
14609810
15490773
14710453
14710451
14570966
14569641
14511162
14510909
15683956
14506087
14524140
12947603
12928510
12901776
12883925
12826637
12801162
12789667
12908126
12771522
15683938
12834202
12646598
12621633
12611752
12611751
12664308
12653339
12571824
16191230
14658931
12677709
12624590
12566599
12544681
12497559
12486291
12468130
12670060
12670059
12461757
12438462
12489320
12506266
12432413
12404653
12426416
12389510
12374911
12372665
12325050
12230087
12243634
12386525
12218710
12422743
12607138
12145380
15259404
12486898
12154154
12115329
12074755
12077031
12036510
12243210
12122884
12114289
12110078
12050472
12078391
12112483
12038469
12020264
12005017
11994932
11971081
11994894
11912108
11939696
11921125
12102448
12028214
11823328
12779190
12519587
12486444
12240787
12014847
11884653
11802227
11802226
11790640
11748784
11723345
11890592
11748741
11606671
11923747
11725215
11607937
11760695
11594265
11511702
11513098
11497389
11453567
11430258
11419566
11444257
11384893
11376191
11406926
11304085
11798587
11347795
11281310
11352339
11338154
11295769
11268784
11261510
11253157
11182477
11283463
11241725
11241724
11241716
11237316
11351784
11324386
11321658
11212438
11207330
11207328
11195844
11194184
11129760
11122998
11106139
11084639
11114998
11113984
11027196
11053175
11089508
10979056
11045038
10992611
10984728
10940681
11021191
10808121
11041076
10998933
10958037
10861922
10799173
10902415
10822236
10784462
10775538
10699909
15558886
10697079
10674283
12462817
11385830
11195947
10800282
10648298
10601400
10601395
10599771
10607969
10622673
10609097
10559568
10556869
10555660
10526994
10519877
10540004
10614125
10609667
10596369
10540759
10522741
10521163
10486397
10610080
10498109
10471262
10460990
10428732
10478358
10548918
10528303
10379522
10436496
10436495
10431776
10422208
10412693
10373791
10227625
10533553
10533552
10201412
10218936
10102548
10091615
19178202
10502996
10436334
10404520
10082334
10073734
9919318
9876214
9876960
9876864
10346695
9864610
9830330
9825166
9810944
9778754
9779658
10210872
9785145
9775698
9699691
9832918
9706539
9681642
9659954
9677500
9628043
9741313
9653639
9773045
9585854
9581223
9576545
9561983
9623118
9584537
9475452
10209779
9796863
9720486
9718229
9547467
9546099
9483342
9434662
9430052
9412628
9416651
9347775
9536584
9359123
9411677
9253778
9221970
9381520
9268809
9215947
9183325
9333545
9137124
9090332
9125732
9080286
9071444
9128624
9043744
9565720
9339271
9339266
9247994
9231571
8990585
9003961
8912484
8909427
8882915
8910246
8866497
8790235
8921694
8929178
8646993
8771629
8763804
8694402
8617910
8907661
8736420
8926290
8666716
9166659
9154597
8963584
8845700
8679057
8559361
8537590
8595040
8539717
8564325
7577517
7653692
7484194
8829429
7652139
7576039
7480460
7773426
7481408
7726320
7664192
7897788
7882232
7599244
8666467
8610218
7784165
7770646
7711492
7711487
7601365
7991117
7843605
7843604
7843603
7968752
7963284
7966434
7939003
7955713
7951579
7920492
7924078
10678322
8155014
7517191
8109655
8174508
8238634
12404778
8227995
8227889
8378950
8401967
8366704
7692680
7687093
8394847
8372161
8354767
8335487
8326082
8399447
8464937
8411786
8471680
8475198
10171835
1489563
1304618
1304614
1304612
1430852
1407580
1407349
1438611
1529057
1434220
1405168
1389083
1613684
1627973
1558698
1558697
1536633
1636262
1544618
1487334
1306634
1288661
1940093
1891084
1743016
1680114
1953272
1754629
1714056
1863390
1895527
1863703
2041929
2025901
1848149
2071186
1991011
2015456
1834189
1723058
2254568
2266368
2225806
2204587
2399577
2136084
2265661
2313003
2326409
2325401
2296387
2163803
2113715
2688794
2764175
2488301
2799885
2760418
2745941
2927642
2523095
2722406
2606226
2555093
3147941
3239147
2963060
3416889
3335722
3251763
3235292
3235290
3121783
3119123
3689054
3632250
3676606
3037438
3615726
3822973
3815823
3134128
3592576
3770482
3094434
3701347
3962709
3962707
3823707
3732096
3523282
3519097
2428104
4044542
4024974
3924200
3989252
3987222
6509268
6721737
6588401
6475186
6142317
6716317
6699381
6541928
6539936
6666645
6640219
6555671
6871512
6839816
6829256
6624345
6181116
6958038
7318853
7198432
6790260
7234630
7343504
7251197
7448475
7399274
7443607
10245502
7358272
434237
255549
311213
36003
254277
420034
263004
745918
249948
752050
671066
748439
641024
652873
627689
726780
618958
343787
26242
931595
864213
604073
860732
26237
892913
621120
1016679
1087261
1051385
1026582
959788
1213271
1105491
1181364
1141984
1091124
1213850
1213849
1213848
1213847
1213846
162800
4470498
4819905
4710912
4719011
4565161
4333729
5540323
5490954
5194767
5774883
5366228
5723489
5723488
4969422
5663615
5663546
5663545
5663544
6074344
6022113
5978420
5944810
5177315
5174412