40939399
41238723
40876059
40838580
41083972
40814201
40972439
40845487
40751539
41076410
40961484
41093738
40238956
41022653
40891041
40441942
40280825
40460571
40133128
39938002
40730397
40696713
40708592
40613728
40495289
39868903
40426671
39868558
40552901
40120211
39046886
40426633
40084663
39384733
40053803
40045280
40045225
40053734
40026013
39752809
39675678
39579261
39920576
39982378
39913274
39825184
39778052
39680310
39615421
39537976
41173547
39822287
39857535
39665851
39500302
39297292
38462968
39973376
39327264
38505945
38704737
39369218
39390858
39377555
39234671
39117299
38884978
38146958
39564282
39234280
39231554
38233366
39172310
39092182
39015001
38976268
38956137
38231374
38031408
38830182
38899465
37488778
38816695
37974300
38745133
38728274
38857888
38403273
37970813
38668910
37995309
38092308
37545159
38232445
38355436
38356477
39781213
38696151
38306041
37975563
38053921
38036966
37893781
38313168
37531702
37841733
37772149
37732590
37545719
37425947
36598090
36464975
37034950
36756689
36745966
36446750
35676795
38074079
36284449
35772626
35830959
34821521
35911025
36926295
35357876
35725504
33682540
33461367
35190191
34923217
34623735
35183116
34953202
32404661
34641989
33793069
34542418
33722084
32877315
34198487
32618535
33885045
33985441
33766994
33650788
33729425
32208884
33090825
34024833
33975314
33459637
33393797
33145603
32394109
33219292
33329088
33312138
33224927
32883632
32857486
33109093
33123076
32309959
32857484
32356278
32602253
32768128
31915088
32252760
31388746
31913926
31682890
31658930
31342865
32074412
32023367
31469297
31154933
32116247
32083586
31735378
31616991
31393150
30968783
30782219
31442364
31321539
31311842
31118162
30238866
29192512
31428305
30897219
30688000
30799347
31185923
31092277
31072286
30913958
30822657
30718064
30842292
30580895
30322899
29397571
30850454
30713036
30604055
30103612
29998606
29195805
31637400
31336371
31156171
31127764
30084177
30035696
30251374
29609990
30427918
29617707
30238286
30082208
29879608
28918168
28439787
30029051
29906681
30115817
30107802
29935757
29748110
29728937
29579571
28911268
29797076
29746466
29436160
29291959
29636035
29465743
29437184
29383616
29306607
29329059
29508694
29409164
29230511
29193995
29114969
32789226
29042266
30103335
29972546
29689719
29633694
29376861
28648111
28247480
28418163
28283381
28759804
28389975
28643887
28632431
28431489
28618899
28452648
28185338
28645961
28358584
28406265
27060966
28148556
28089264
27838315
27411501
27844173
28076387
28884712
28759970
28595181
28241133
28124590
27725249
27894457
27596922
27454622
27270271
27723930
27423582
26944070
25984756
27472000
27291501
26803583
26246377
26203157
27228158
27084227
26295379
26179318
25721569
27364400
26739446
26220364
26695691
26683744
26824746
27044717
26890774
26889636
26741499
26507184
26251110
26454406
26656521
26267424
26264174
25940060
25754669
26338814
26265022
26208108
26108739
25688039
26200445
26042918
26181568
25677354
25687925
25809278
25729001
25382263
25261638
25548978
25319873
25029389
24848193
23871117
25467699
26402074
26401564
26333257
26081323
25876569
25765916
25600920
25162434
25228003
25260967
25109808
25035160
24929862
24681111
25343554
25323960
25075930
25007866
24947572
24863641
24599641
24655764
24630140
24461565
24496852
24286349
24169147
24472182
25617887
25492674
25379547
25171652
24368882
24356464
24268564
24099883
23671016
23836341
25007537
24147540
23886402
23852426
24117286
23959214
23800608
22915143
23921986
23763895
23296911
23235268
24021498
23164924
29213846
23664844
23803639
23803637
23444979
22991130
23635967
23123009
23351239
23246138
23083490
23437996
22673868
23751773
23016837
22820720
22588710
22052746
23243405
22699090
22661454
22527230
22938040
22717370
22387055
21997602
22901009
22424941
22340759
22555849
22361576
21667216
22469285
22443245
22219430
22023890
22219400
21764646
22346736
22064613
21995955
21770826
21584738
24419500
23939440
23373573
23067269
22991511
22713379
22571979
22330824
21917501
21915909
21895376
22176557
22107756
22032742
22384767
21951956
21845597
21816863
21633124
21611985
21877605
21547751
21269541
22364038
21691218
21711571
21733477
21425108
21036553
21252111
20876363
20690145
21898328
21198571
21135292
20864380
20923725
20472462
20880176
21542448
20856184
20594384
20053458
19777538
20539163
20524974
20381881
20155863
20595641
19937260
20862652
20544597
20130406
20114132
20051663
19948392
19925272
19874396
19517419
19828373
19776138
19691091
19773027
19773026
19418490
19654579
19362509
19167092
19097742
19412942
19323870
18977165
19185011
19133658
19393379
19207793
19273824
18834556
19836619
19158446
19092312
18434076
19023719
18850370
18543346
18978599
18838636
18729137
18457344
18808240
18725850
18662198
18686178
18660553
18480686
18373579
18307266
18525288
18500166
18257965
17680554
17651525
18291297
17621380
17607801
18679028
18667813
18332575
18204416
18042994
17889589
18081630
18031489
17894370
17721877
18000452
17999565
17380488
17299806
17882591
17845241
17544244
17463188
17420315
17439887
17322133
17076919
17259052
16870038
17623389
17438711
17317483
17308228
17209148
17167730
17085125
16518443
17136215
17135808
17011914
16787991
17130987
16855424
16547944
16627547
16549411
16670248
16614016
16734066
16615243
16505127
16449757
15995798
16200534
16424666
16401890
16315151
16263848
16195246
15906058
15964021
16166410
16085785
16024880
16021657
15734596
15713856
16147583
15703319
15383743
15611218
15597813
15541129
15481075
15596919
15449367
15266164
15171466
15177272
14666399
15027034
15006434
14604601
15259878
14613597
14524140
12901282
12801162
12771522
12660563
12646598
12611751
12664308
12461757
12450640
12438462
12215130
12218710
12607138
12122884
12119086
11994932
11939696
12102448
11889362
12519587
28682196
11748741
11725215
11581589
11760695
11497389
11241724
11743704
11194184
11129760
11858314
11113984
11202625
11147294
10902415
10784462
10779933
10697079
10993410
10648298
10622673
10555660
10540004
10522741
10528303
10396171
10533552
10102548
10436334
10082334
9876960
9810944
9779658
9681642
9659954
9628043
9697585
9653639
9561983
9475452
9720486
9416651
9137124
9125732
9043744
9565720
9201782
8910246
8621100
9166659
8546913
8560313
7653692
7484194
7599244
9447027
7885509
7481577
7991117
7920492
10678322
7999421
8378950
8321446
8354767
8326082
8475198
1489563
1627973
1288661
1940093
1746278
1680114
1754629
1863703
2015456
2254568
2132383
2136084
2313003
2296387
2764175
2624132
3418040
3239147
3235290
6509111
6539936
745918