40939399
40912331
40830015
40288929
41200771
41195580
41167068
41130708
41111982
40913916
40906070
40651930
40592410
40590200
40500311
40399135
40327362
40254943
40249278
41248141
41248359
40857986
40550276
41239069
41238723
41237402
41225471
41218201
41214532
41204255
41204095
41196446
41193992
41192396
41188391
41220410
41148236
41091131
41058585
40983771
40966533
40907090
40900202
40876059
40838580
40785306
40774233
40753941
40742386
40728293
40528389
40403191
40368215
40227643
39289880
41173983
41171948
41160696
41246106
41228484
41181795
41161846
40081868
41160926
41137974
41137003
41136954
41134968
41043306
41126142
41121149
41075788
41107848
40729343
41094694
41087656
41083972
41072726
41069797
41057644
41076734
41051606
40814201
41046762
41154917
41108732
41149362
41117750
41117394
41081690
41078636
41059380
41055581
41023472
41014098
40972439
40914005
40908205
40902721
40901038
40879406
40845487
40827808
40801102
40795795
40789339
40775084
40770967
40764445
40751539
40713395
40625200
40602604
40560516
40541231
40492471
40457034
40441773
40384367
40289592
40214960
40126083
39557377
41029800
41026205
41013720
41006395
40999506
40993548
41010863
41036264
40995482
41076410
40965557
40961484
41111794
40958393
40954279
41008351
40451311
40994363
40963736
41093738
41008403
41000387
40950777
40906708
41008319
40238956
41082891
41022653
40954525
40948447
40936828
40920437
40903428
40891041
40889946
40886039
40803201
40768869
40762150
40752280
40683774
40639281
40543818
40541666
40441942
40415148
40403240
40280825
40262420
40153538
39971666
39889947
38853771
38646703
38557431
38506444
40943840
40900771
40875002
40862503
40859676
40856880
40854831
41010903
40917431
40917242
40838470
40900745
40824656
40963912
40810792
40790462
40788441
40922863
40759509
40913583
40852542
40820228
40816791
40786779
40785170
40745562
40712224
40633470
40588789
40543176
40539333
40518011
40505216
40488989
40482961
40480282
40462618
40460571
40323840
40298207
40287933
40263062
40220014
40133128
40079251
39978649
39938002
39929540
39863474
39449166
39172399
36913726
40807026
40730397
40717108
40715100
39909861
40805994
40867361
40707319
40704215
40696713
40694041
40684417
40732627
40725815
40724201
40680176
40668307
40673041
40203967
40659932
40652410
40660509
40646584
40732905
40708592
40637879
40637155
40634985
40724152
40626328
40618026
40097131
40616027
40615735
40615566
40610909
40755677
40613728
40636250
40635942
40596940
40531347
40460501
40438953
40390335
40381314
40373826
40353593
40319653
40273549
40267731
40155248
39887591
39882790
39878889
39876519
39847732
39503372
40588596
40570864
40586509
38862183
40569331
40647211
40512174
40550906
40647161
40538423
39149285
40666561
40611851
40519606
40585123
39761997
40776998
40493593
40540720
40492884
40471217
40466100
40507681
40474610
40473052
40103483
40561214
40542998
40495575
40495289
40485817
40388933
40367625
40338599
40295337
40275677
40261292
40222597
40183851
40171328
40158692
40107929
40081137
40071960
40064286
39960118
39949308
39922446
39868903
39854098
39831385
39714471
39633276
39505247
39427246
39419460
39324780
39172382
39102382
40564069
40446320
40446010
40442805
40442715
40301021
40491943
40600025
40405191
40397953
40378257
40369455
40210195
40426671
40361219
40359409
40429341
40355951
40355880
40340958
40349232
39868558
40401068
40354560
40316842
40327020
40645782
40552901
40347436
40340052
40331508
40311125
40252512
40228371
40179046
40157435
40137954
40120211
40117894
40084665
40083034
39986906
39888369
39868727
39749679
39668706
39505735
39425589
39235323
39046886
40298695
40294408
40426633
40428754
40271986
39106528
40258295
39862980
40290654
40217164
40214807
40309159
39562303
40206448
40186130
40186124
40178630
40178616
39951512
40489385
40313432
40299385
40246706
40134042
40084663
39923739
39894701
39862581
39841404
39821434
39749399
39742818
39710559
39614103
39558706
39422599
39384733
39275945
40172409
40192627
40195994
40139799
40134270
40135193
40128904
39288961
40121512
40113786
40255836
40101207
40105570
40142818
40142320
40091908
39761756
40087727
40182759
40074879
36711943
40142629
40050378
39269457
40053803
40045280
40045225
40182366
40053734
40037562
40201924
40092281
40086910
40071373
40067106
40040345
40026013
40024918
40021526
39929032
39904059
39832919
39813603
39812673
39808195
39752809
39736233
39675678
39579261
39404898
39266407
39188048
38951743
38907746
37017862
39566583
40016667
40074663
39994576
40077626
39984901
39979527
39972294
39962563
39963198
39953629
39996907
39958188
39997259
39922876
39920576
39907500
40656824
40308647
40034630
39982378
39962903
39913274
39898162
39892198
39868480
39862881
39847824
39835577
39825184
39823778
39778052
39713899
39708007
39699037
39692679
39680310
39642916
39626601
39621510
39615421
39603458
39572509
39537976
39503943
39428583
39303301
39164933
38551151
38287649
38154501
39880434
39926391
39856260
39856128
41173547
39864818
39825282
39746806
39822287
39820655
39857187
40061180
39859093
39809948
39793542
39490916
39857535
39802193
39789030
39788775
39749735
39775700
41222255
41172316
41055677
41051809
40953385
40753561
40728431
40633081
40567539
40252397
40241520
40219895
40215604
40127012
40123132
40027981
39978318
39973453
39963755
39932764
39870070
39838709
39819167
39789673
39775510
39705882
39658351
39610284
39608085
39603508
39520205
39494858
39487633
39427932
39375188
39317955
39258956
39236690
39231919
39001696
38780969
38494742
37703046
36409466
35593821
31356039
30285369
29939619
29494058
29262220
29262191
39881921
39867068
39729412
39122263
39708227
39744374
39689129
39741882
39933108
39726912
39665851
39791100
39791036
39475579
39654691
39685789
39663181
39660687
39617744
39603215
39550804
39533651
39500302
39476711
39476530
39471701
39460556
39395563
39387833
39340160
39297518
39297292
39270619
39195952
39133575
39119632
39091082
39013750
38967660
38954235
38916144
38819680
38662094
38485525
38462968
38404021
40226691
39618882
39685682
39624803
39601933
39682694
39654952
39584187
39634772
39558208
39549084
39307006
39773748
39543583
39541382
39611055
39531267
39509406
39640099
39501341
38522914
39570109
38709856
39488557
39973376
39957195
39812009
39595876
39563193
39558464
39540250
39524279
39487541
39442414
39397682
39344629
39341163
39327264
39287697
39260089
39260025
39225548
39217648
39168011
39142220
39140919
39117161
38992879
38940382
38937340
38936317
38861872
38804061
38505945
38343163
39478058
39322558
39477014
39451049
38704737
39439089
39518436
39321409
39458221
39432807
39428505
39415229
39451221
39407157
39391020
39380009
39369218
39593523
39544660
39391993
39390858
39390853
39377555
39366905
39364774
39352422
39352285
39243355
39235524
39234671
39205519
39182617
39172047
39164158
39143425
39127457
39117579
39117299
39106535
39079807
39059511
39009312
38987451
38950382
38909908
38900165
38896893
38890177
38884978
38850387
38836945
38836903
38833726
38776700
38720624
38634875
38586881
38573380
38153242
38146958
39463494
39344730
39302979
39311248
39335425
39289601
39288153
39285329
39564282
39251941
39234280
38897440
39296830
39231554
38426222
39627656
39426813
39378499
39168043
39060886
39033690
39024773
39016440
39007798
38991486
38969590
38952335
38924328
38909542
38896183
38810724
38807437
38695380
38641451
38533792
38336305
38233366
35764422
39214962
39274321
39197052
39182059
39180130
39179981
39172310
39201220
39163295
39160209
39155383
39152303
39152396
38818723
39142675
39136801
39203722
39107406
39129573
39093481
39072742
39157223
39129694
39092182
39090611
39024711
39020136
39008080
38982845
38970987
38942197
38896388
38852652
38834449
38798236
38795674
38777323
38758282
38735537
38710325
38658231
38595161
38579178
38522593
38478055
38443298
38440865
38254270
38214108
38196159
37731384
39054326
39070224
39156446
39024575
39015001
39010098
38958131
39004615
39063612
38266149
38961750
38999869
38974660
38974510
38960880
38934869
38976268
38968649
38956137
38909541
38877658
38822147
38813611
38796813
38780565
38771370
38736203
38723377
38696891
38644542
38615911
38597943
38593940
38580835
38578434
38532264
38506513
38489132
38329107
38317327
38231374
38197541
38166594
38031408
37665611
37611617
37330352
36892484
39429557
38833653
38830182
39050324
38907208
38905426
38071660
39036160
38962781
38931272
38931270
38862865
38858698
38857259
38839833
38894894
38834971
38957245
39430139
39069344
39023149
38943525
38899465
38858522
38834246
38827757
38772076
38654599
38608752
38555666
38527944
38504468
38416337
38332544
38324199
38290875
38142176
37997256
37996270
37922191
37488778
37424233
37409731
37249024
32151300
38816695
38892887
38570074
38827238
38803255
38781250
38778380
38776029
37974300
38766481
38753692
38745133
38791313
38728274
38723006
38717798
38808354
38704540
38637135
39255020
38857888
38769801
38698588
38640961
38599032
38583410
38513369
38452494
38416170
38403289
38403273
38389222
38344814
38336571
38169151
38102507
38069691
37970813
37874956
37853174
37284871
37128648
38689330
38565262
38503443
38727106
38664629
39247767
38658414
38668910
38635544
38623717
38582898
38707136
38646538
38707155
37995309
38449355
38721997
38699606
38665018
38651329
38558209
38476906
38212973
38176888
38092308
38015288
37897231
37741442
37545159
37005193
38559456
38532541
38532334
38612963
38504324
38471563
38452292
38540573
38517442
37246794
38736916
38512076
38495682
38400706
38304924
38303161
38239023
38237255
38232445
38193429
38184412
38069952
38009855
37335212
36189611
38413921
38261982
38395745
37699427
38365646
38354142
38355436
38355196
38207223
38345702
37923379
38317248
38416520
38303088
38601953
38356477
38288650
38237369
38108673
38039949
37938429
37915279
37857985
37847074
37741610
37668887
37668827
37582281
37477277
37442831
36921758
38337470
38281019
38344232
38279143
38406060
38313558
38257182
36302613
38183113
40212535
40061008
40033596
39781213
39499163
39340210
39305089
39302375
39251372
39250901
39240639
39113447
39097906
39093078
39068922
39044520
39031368
38874248
38848193
38839316
38768581
38696151
38676689
38669560
38545654
38513620
38491774
38457158
38374744
38358687
38306089
38306041
38143362
38042281
37980780
37975563
37932937
37932240
37914593
37796327
37782967
37782966
37698184
37640795
37220026
37201184
37158108
36999914
36059213
38288221
38248828
38179433
38155179
38100611
37995462
38078548
37990547
38162375
38141049
37988804
37852369
37792262
37775069
37733231
37729769
37720941
37678013
37519195
37488295
37385898
37382616
37381880
37365932
37365164
37347921
38053921
38036966
38084212
38027394
38026759
38023063
38002803
39052823
37914222
37806671
37696200
37543998
37385899
37302869
37213189
37194465
36995269
36715000
37903801
37959267
37891520
37867607
37449850
37893781
37801360
37788049
38313168
37817385
37803500
37579687
37563445
37531702
37526768
37326297
37296266
37221053
36793228
35344677
35142047
37841013
37841733
37749500
37841792
37872090
37731682
37705094
37260290
36509707
37858362
37772149
37732590
37652452
37635672
37551136
37528586
37435891
37409793
37348392
37326840
36892103
35820430
37766253
37711233
37626425
37620920
37607567
37736445
37629464
37590054
37563599
37559116
37553483
37663179
37606116
37595070
37464985
37429220
37385723
36470735
35315744
37523359
37495795
37510946
37477958
37545719
37464431
37464426
37501974
37468302
37368517
37295907
37246816
37245524
37179204
37137736
37130464
37019388
36694350
36098793
34294015
37425947
37380967
36069337
37396822
37365663
37365576
37496538
37396666
37328760
36965523
37312113
37286313
37280609
37376454
36944624
36943287
37351584
37278998
37082231
37013625
36877171
36799089
36736499
36669505
36598090
36201368
35596121
36744761
37234945
37171316
37234215
37162585
36941070
37432324
37241119
37188419
37132066
37097662
36917763
36775580
36647923
36352151
35822455
35462589
35380277
35356837
35122540
34615416
37163030
37176584
37238956
37098513
37095097
37087474
37205144
37076567
37107843
36971040
35938348
37041488
37253125
36949846
36758621
36701853
36508212
36464975
36416594
35999065
35057683
34791987
37034950
37090363
37020737
36934330
36981783
36902861
36877563
35083950
37294995
37064639
36799956
36756689
36745966
36630255
36627849
36587904
36583848
36563787
36283953
36148575
35446742
35333139
34969583
33390068
36926459
36979186
36446750
36792759
36788306
36780036
36752365
36879722
36769848
37042591
36695128
36607627
36478076
36464503
36434931
36404483
36170549
36150636
36084238
36057677
35729802
35676795
35238810
35100918
35034183
36721256
36760863
36190802
36075059
36681848
36652291
36652030
36596593
36624382
36688162
36334051
38198405
38131120
38074079
38058965
37699860
37655404
37383853
37066911
37036668
36950826
36708572
36655645
36587607
36573052
36567159
36513918
36490272
36402056
36328878
36257358
36196673
35446723
35048770
36595984
36572691
36655836
36261343
36561475
36522673
36554774
36520860
36476463
36446050
36514440
36445967
36498332
36471332
36457070
36569104
36462918
36454910
36453202
36357126
36335542
36317267
36276501
36207155
36184675
36028442
35872328
35644894
35445519
35048171
34600828
34191260
31722983
36447201
36466595
36483801
36506467
36418963
36402794
36420089
36360555
36363543
36361256
36600515
36318373
36284449
36257223
36182096
35033421
34546421
36465740
36388902
36387009
36289297
36415368
40809073
36294041
36240290
36240173
36311921
36267216
38875588
36293591
36443025
36150254
36116309
36058887
35942321
35905603
35876102
35863150
35853559
35851589
35811445
35763077
35752399
35420834
35098900
34545463
33761300
36187571
36231334
36203667
36125009
36123648
36141949
35779670
35772626
36138976
36118169
36101657
36105905
36282646
36147051
36119701
36052198
36052197
36038457
35989948
35929600
35753049
35749631
35670832
35552345
35305245
35213766
34708475
34654656
33899678
36092817
36143150
35830959
36072479
35986203
35971065
36005258
35948886
35949447
35921313
35920903
35700073
35985751
35819087
35680436
35610522
35608676
35538300
35511777
35331570
34821521
34615739
34606740
34124966
33258703
35906542
35881203
35877169
35937073
35724339
35840643
35911025
35859622
35320340
35819413
35949773
36926295
36388735
35895056
35887594
35839365
35730515
35639177
35604656
35567346
35490476
35364452
35357876
35346458
35307747
35032478
34669540
34254553
35764711
35888572
35732370
35725504
35742625
35526766
35844786
35700465
35686030
36741037
35959931
35672125
35416480
35379472
35367077
35337660
35260246
35246404
35220357
35112136
34345928
33682540
31153686
35641947
35604762
35594063
35627697
35646405
35719784
33754961
35544317
35538522
35586201
34698841
35591160
35258555
35294739
35128762
34988885
34554141
34454923
34229584
34148809
34041802
33622073
33461367
35591054
35484538
35468172
35444225
35438648
35456238
35396934
35410332
35410145
35841170
35379234
35633155
35465698
35720657
35384992
35263691
35247744
35171235
35142971
35081556
34911368
34893757
34450643
34271835
34018018
35406076
35351073
35346320
35321752
35306533
35317432
35245250
35245237
36199935
35512149
35404801
35404793
35355627
35252932
35226063
35191520
35190191
35121237
35066309
35036984
34958871
34923217
34805472
34728587
34623735
34543523
34282095
35210344
35183116
35360276
35206564
35237627
35165292
35135772
35130332
35121608
35178015
35146060
35120284
35084704
35037579
35036491
34964675
34953202
34860417
34815056
34642459
34183087
33998956
33783631
33724091
33267710
32404661
35204445
35200521
35093130
35163422
35063952
34037689
35331144
34997128
34991532
36723304
36592107
36476696
36437032
36279235
35912738
35599483
35599480
35392727
35386248
35342090
35337631
35307654
35275557
35147532
35098979
35066496
34983322
34963072
34924392
34922280
34864668
34847509
34818256
34814099
34808440
34768029
34747047
34742925
34607732
34592746
34569536
34454919
34404520
34039534
35008036
34961546
34922479
34960060
34948879
34916311
34753738
34960009
34353790
34898646
34925096
35356846
34826667
34794723
34788729
34767032
34245343
34228317
34028917
33755297
33081505
32683943
32319015
34883868
34762788
34597386
34755541
34782698
34782630
34833442
34405224
34803857
34735379
34515308
34570742
34570180
34498356
34399870
34373108
34369598
34283634
34029555
33811622
33506980
33375823
33846726
34678867
34868722
34680366
34663799
34651479
34641989
34677410
34765330
34599468
34538350
34523075
34522739
34520997
34425330
34253352
34246482
34183238
34119460
33793069
33745291
32426992
35083455
33975337
34630183
34546184
34542418
36324720
34520460
34515776
34515774
34515771
34552951
34949256
35319693
34730531
34632111
34615762
34476799
34425986
34407626
34189483
34062611
33826546
33724517
33722084
33721299
33689654
33392982
33025811
32877315
32710345
32223443
34463635
34575040
34449471
34432842
33948656
34483998
34325805
34308546
34406294
35102041
34444075
34354162
34413797
34352166
34340685
34550188
34384106
34227598
34216935
33992530
33949749
33745042
33555082
33495107
33357212
33016171
32876940
34360320
34398023
34283032
34280963
33905874
34371894
34371870
34287277
36132973
34528548
34219064
34146601
34087510
34060188
33992422
33914574
33826599
33786884
33780133
33724542
33563798
33407055
33174077
33100187
32990034
32820955
32710565
32114803
32008471
34248608
34201928
34221539
34221538
33843983
34138909
34129607
34198487
34177919
33903222
34200303
34077401
34745771
34370420
34139472
34124920
33849769
33830425
33745342
33619849
33536129
33507785
33411940
33243676
33140876
33127384
32618535
32108530
34072776
33885045
34108874
34069601
34070014
33999970
33989326
34068240
34054625
33985441
33766994
33685980
33734344
33955835
33953218
34017242
33947910
33947831
34191717
34100357
33885170
33754416
33660681
33650788
33610290
33608187
33598981
33307373
33211233
33159533
32956207
32797675
29790293
33931102
33994995
33910556
33739929
33475711
33729425
34007765
33924389
33917778
33859074
32814961
33813681
34336543
34321804
33970049
33915888
33908364
33856971
33823634
33821680
33812772
33748375
33715219
33684310
33640853
33595992
33508728
33470043
33434454
33423870
33387217
33309694
33275166
33130303
33111163
33091165
33084927
33002314
32863188
32036726
33868768
33787499
33785020
33770828
33898761
33810201
33742011
33796343
33855297
33663416
33754027
35415538
33970664
33649377
33649035
33622666
33567399
33493467
33468519
33442845
33395732
33280892
33243523
33221287
33206383
33191061
32977734
32694327
32694326
32680763
32208884
32106897
31918561
31679465
33709951
33716830
33622351
33679465
33679446
33588814
33150424
33643677
33673096
33628415
33562249
33561997
34141672
33595209
33570347
33526504
33522382
33476877
33433142
33331023
33303313
33290383
33284152
33268471
33155335
33105398
33099702
33090825
32863106
32816194
32809151
32778386
32685986
32499146
33552668
33482788
33439851
33249505
33519706
33466143
33359928
33096329
33446114
33519556
33441154
33435970
33432096
33407194
33404617
34808622
34633324
34602467
34487043
34420971
34334394
34275910
34250940
34250934
34024833
34024829
34009118
33975314
33952730
33950069
33935080
33907606
33814424
33720896
33646168
33643494
33612541
33523002
33509024
33491035
33459663
33459637
33393797
33390517
33378074
33347024
33227684
33211298
33196105
33145603
33140499
33104038
33000149
32813034
32648192
32565008
32036772
33370300
33369931
33319347
33055276
33002556
32971084
33354380
33424685
33343954
33329911
33323037
33293470
33271788
33235717
33230962
33075140
33055142
33045249
33023324
33011098
32997568
32894000
32890307
32812844
32739474
32734380
32666182
32579704
32578498
32394109
32349061
32233701
32149817
32060802
31844920
31591900
31411039
33266111
33219455
33219292
33208795
33329088
33312138
33004605
33189129
33177575
33240220
33156448
33151955
33173922
33149110
33048826
33224927
33708703
33135440
33131299
33027166
33027159
32956117
32932107
32896501
32889699
32883632
32859554
32857486
32798164
32797255
32771860
32718797
32556385
32540415
32524174
32476139
32405881
32375174
32162066
32088966
31830849
31639279
31561724
33109093
33192487
32520992
33192732
32975931
33081751
33076822
30877750
33076372
33173523
33116964
33123076
33009959
33023136
33222867
32947588
32942200
32853825
32694297
32658377
32500790
32430087
32391573
32389605
32375913
32341308
32309959
32190984
32002697
31979977
31868121
31662100
31542976
31030643
30298371
33132939
32234082
32979927
32992789
31956891
32518060
32962076
32957414
32502253
32974077
32925753
33013705
32913181
33033486
32907903
32898176
32990078
32701713
33543083
33312248
33102810
32988450
32988447
32904850
32889833
32879581
32873842
32857484
32830218
32815845
32716001
32713663
32651249
32597328
32544926
32449791
32440752
32363605
32356278
32329359
32184070
32180342
31906766
31868125
31635522
31043115
30180778
33005551
32859191
32952987
32867186
32859100
32848149
32453822
32807857
32374839
32990590
32785080
32831979
32770993
32821470
32747650
33312967
32761061
32738882
32682178
32642531
32602253
32598116
32563519
32522358
32458529
32450270
32353168
32281119
31783373
31525793
31377933
32735223
32717901
32706944
32706697
32700025
32690091
32708375
32733771
32641128
32589947
32518146
32635640
32921757
32629705
32888656
32801252
32768128
32690123
32614328
32611339
32490831
32442836
32381437
32379602
32333136
32317268
32250480
32170444
32102601
32088096
32081532
31944347
31915088
31402683
30171210
32913599
32469314
32570807
32072168
32555196
32570653
32570436
32438845
32537952
32479315
32198120
32550267
32520946
32497153
32987426
32487169
32186250
32162767
32043382
31909095
31883197
31782661
31656211
31526407
31520156
31487064
31471068
31368245
31269276
31140902
30698470
29895893
32463834
32466196
32444620
32438377
32410696
32410651
32401797
32375641
32419647
32536421
32484632
32463470
32443091
32272398
32189244
32175753
32167785
32146314
32142155
32094023
32077733
32067288
32064617
32036425
32014818
31930617
31735487
31688435
31436599
30951261
30799042
30772362
32352386
32238507
32298384
31770343
32313714
32252760
32284903
32242035
32607400
32248930
32180513
32107839
32063250
32062052
32056946
32049742
32030446
32020433
32019622
32000270
31992663
31924120
31918594
31895087
31894601
31873787
31784744
31668595
31641788
31633557
31628616
31587629
31576760
31535612
31495773
31388746
31347193
31342166
31243870
31228259
32245088
32193695
32231430
32178230
32159519
32139451
32124066
32730371
32166190
32163313
32160990
32123923
31969207
31918380
31913926
31871139
31829729
31682890
31658930
31342865
30739260
32153465
31419150
32148563
32066394
32059719
32093795
32074412
32023367
32013978
32040357
32009440
31992921
31987124
31879175
31869710
31843199
31809904
31802212
31691183
31690496
31650264
31469297
31448481
31286546
31246104
31177644
31154933
30772132
30261762
31732566
31972102
31588512
32030311
31979131
32010476
31952491
32010701
31941440
31935240
31924710
31914970
31914557
33185596
33146600
33104025
33095089
33044188
33044186
32988241
32925092
32925060
32925031
32798911
32668433
32659778
32658214
32648477
32610338
32568211
32568205
32568110
32493005
32417778
32396512
32390614
32362628
32342464
32320973
32315279
32309976
32289790
32246676
32238753
32116247
32083586
32024594
32003417
32000448
32000361
31985463
31956001
31954041
31937636
31886818
31881520
31868678
31843425
31771056
31735378
31729052
31681982
31663147
31646348
31629553
31616991
31612725
31582311
31559533
31555978
31525361
31494822
31393150
31254291
31189339
30968783
30889081
30877214
30757953
30449141
29944463
32215091
31906002
31860641
31857304
31503333
31829149
31800426
31796127
33447147
31852160
31840679
31824875
31823497
31796642
31768413
31669838
31627900
31623901
31584222
31571008
31534024
31519654
31444048
31435870
31425412
31422368
31267203
31241428
31165319
31126661
30712379
30698774
30685297
30501456
28933658
32042406
31903373
31752857
31751349
31752451
31744463
31727663
31717442
31700058
31890105
31803314
31725661
31708524
31640940
31633644
31588880
31557375
31553039
31403746
31343240
31279669
31257717
30935215
30782219
30702029
30673811
30643935
30322318
30318914
28826281
31754315
31664922
31656033
31644549
31640576
31635199
31623670
31615567
31544431
31844503
31607155
31575375
31566693
31463352
31453765
31446592
31442364
31364038
31342135
31283995
31267621
31256281
31188798
31188286
31109909
31092346
31050041
30993719
30600489
30420645
29851748
29550926
31565112
31561490
31598390
31536519
31556498
31493323
31490942
31451009
31480661
31436713
31408289
31361357
31350667
31335506
31327051
31321539
31320275
31313875
31280075
31279634
31279476
31276755
31270660
30678480
30138143
30136743
29196835
31242952
31443106
31460665
31456902
31434232
31646015
31118361
31346625
31311842
31395817
31446685
31348635
31320108
31305871
31294917
31290829
31290826
31290821
31289737
31241031
31235346
31221428
31170813
31145121
31129686
31118162
31076807
31060822
31035868
30910421
30897944
30829064
30607676
30238866
29192512
30517631
31428305
31287662
31085360
31298212
31293244
31291276
31287029
31308993
31232586
31435102
31345310
31256511
31241612
31151748
31138498
31128908
31101555
31073864
31033515
31015224
31004806
30993395
30953654
30945374
30922971
30920651
30897219
30879182
30782394
30739763
30688000
30655191
30499598
30444020
29905848
29791306
29394208
29059120
28786908
31245169
30799347
31196141
31185923
31218092
31261554
31223247
31192958
31155168
31124899
31070711
31036500
30985404
30964423
30931684
30859375
30854733
30834978
30783701
30667122
30617439
30556733
30531397
30452300
30220028
30004189
31166519
31144116
31161044
31136589
31028124
31133550
31122239
31120952
31092277
30574681
31072403
31116658
31072286
31048449
31045429
31010489
30913958
30911822
30879736
30836806
30822657
30788615
30718064
30685316
30685315
30672026
30668624
30667129
30640296
30614136
30557549
30362933
30081716
29788381
29424552
28412882
30936572
30912529
30999680
30990841
30826716
30568131
30976999
30966981
30842292
31425142
31061232
31050956
31044178
30932355
30910240
30851088
30758869
30737759
30703703
30655032
30632798
30580895
30562270
30552686
30537912
30414317
30386865
30322899
29950111
29397571
30921440
30900048
29304202
30737341
30863000
30850416
30841587
30835773
30851950
30850454
30801983
30713036
30689734
30681186
30624952
30614723
30612511
30573350
30526359
30501977
30474244
30406574
30394003
30325792
30238623
30156370
30099971
30077331
29667007
29542093
30937203
30814568
30781477
30737422
30783550
31303148
30868501
30857574
30813172
30688861
30688355
30630729
30604055
30528516
30523659
30482410
30476460
30467660
30458581
30448959
30403307
30401542
30394772
30389607
30314677
30311161
30306414
30279047
30277982
30270027
30217666
30155698
30146591
30124798
30114505
30107062
30103612
30095063
29998606
29952242
29665250
29395371
29335041
29195805
29189903
30972138
30684962
30674314
30673880
30673772
29415276
30423541
30292146
30640907
30635024
30671280
30621313
31753148
31683475
31640092
31637400
31619653
31577447
31543072
31413692
31336371
31304792
31284232
31156171
31127783
31127764
31092785
31003069
30983294
30932139
30905993
30845903
30776016
30689584
30681596
30584142
30539722
30530270
30481576
30420192
30412819
30375028
30338454
30316890
30299347
30269512
30142290
30141703
30084177
30035696
30035554
29923469
29528443
29188470
30596660
30473569
30577781
30567598
30545314
30545057
30546923
30576579
30544477
30526952
30447861
30414660
30408646
30378268
30376184
30355543
30346310
30326415
30317048
30315392
30276884
30251374
30245278
30141095
30109471
30088336
30037742
29654397
29609990
29549401
29468567
28753800
30497414
30555385
30598669
30463520
30462688
30581627
30442801
30445718
30427918
30427894
30418992
29617707
30398941
30398087
30396981
30383801
30369270
30355407
30346491
30336992
30296336
30243677
30238588
30220634
30211612
30201399
30199666
30178175
30145304
30142633
30085899
30066463
30056532
30048834
29884723
29673263
29658287
29532707
29244062
29190312
28812375
30648658
30425751
30365764
30324242
30321178
30306272
27927747
30217662
34654234
30297032
30238286
30212839
30187775
30126301
30100025
30082208
30031569
30027214
29979473
29956087
29879608
29758586
29578630
29362011
28918168
28597729
28597694
28439787
30335265
30241538
29953925
29878204
31942493
30753730
30193081
30169359
30103065
30100113
30091316
30037284
30029051
29981963
29925886
29906681
29864239
29787739
29707738
29653772
29407942
29316833
28695324
28535075
27302605
30192444
30121084
30115817
30107802
30106999
30104491
30103788
30088601
30068324
30258749
30113550
30038166
30035756
30029722
30026000
30016609
30007756
29983171
29935757
29804470
29804147
29772316
29748110
29741695
29737879
29728937
29603036
29503217
29503213
29436490
29360158
28914089
28901656
28475433
30040817
30057445
30038203
30021532
30016333
29950436
29801902
29801896
29730329
29679690
30073037
30045079
29995797
29966477
29941156
29931770
29793192
29781824
29778565
29777979
29733003
29676484
29625875
29573298
29551546
29548857
29548721
29522946
29505320
29478942
29431539
29417692
29332552
29325477
29280931
29146222
28757341
28665191
28446035
29921245
29704408
29879948
29900029
29882811
29867034
29958337
29937440
29709377
29704671
29579571
29488848
29488192
29395403
29345100
29339194
29325447
29135285
29068804
28914144
28911268
28392166
28065176
27353568
29855283
29847787
29797076
29800415
29731299
29734988
29746466
28329867
30521708
29924288
29915437
29672668
29661332
29653914
29653743
29604484
29603810
29589788
29547057
29521883
29482067
29481995
29464277
29449185
29436160
29411069
29351130
29292530
29291959
29282160
29252121
29148205
29143702
29089398
26819183
26438471
29699963
29760964
28877130
34040823
30152776
32913759
29650034
29641601
29636035
29625618
29849918
29670402
29615089
30542253
29606317
29598844
29498779
29465743
29446668
29437184
29409899
29383616
29374303
29322357
29306607
29247347
29090387
28931452
28918694
28823174
28637374
28489681
27443241
30035003
29584785
29619274
29453244
27927733
29329059
29439869
29513463
29633747
29677336
29673546
29508694
29507529
29496078
29426740
29426388
29409164
29397334
29396023
29374399
29331848
29230511
29210282
29193995
29151128
29148293
29114969
29110353
29084051
29079017
29032789
28929291
28882061
28677003
28194004
27231036
29487045
29458352
29454326
29433474
29415663
32789226
29100973
30258980
29443357
29407858
29392319
29384572
29290208
29286540
29258687
29150225
29128522
29042266
28951497
28945120
28931446
28879833
28871794
28771988
28770297
28434642
28416030
28367641
28220616
28062083
27802775
29588645
28582564
29338719
28985387
29330419
29568763
29040719
29304054
29196576
30638330
30585599
30452412
30412491
30261156
30103335
30056433
29972546
29966216
29966193
29865086
29710717
29710716
29689719
29682232
29653679
29633694
29562513
29527237
29376861
29320770
29189922
29186356
29171995
29137947
29131091
29116356
29050493
29032001
28960596
28927477
28895973
28847564
28837948
28755989
28681986
28648111
28506191
28448301
28391710
28370353
28247480
28240379
28096051
28067961
28058742
27223330
29253029
29229968
29232829
29208017
29211978
30423664
29318084
29256912
29202529
29196309
29173347
29153365
29122281
29096387
29050688
29037500
29037499
28982793
28735839
28734148
28667524
28488691
28484993
28425062
28421547
28418163
28391563
27911015
27899474
27787708
27758154
27714849
29178949
29166665
29126401
29116417
28025033
29178313
29171556
29052660
28912283
28844367
28827502
28727247
28276131
29450293
29083352
29040310
28991661
28924104
29070947
29306357
29048194
28838910
28818699
28791690
28780181
28689357
28676310
28663045
28653548
28612307
28497281
28283381
28092209
28030963
27730477
27578455
27544442
28947415
28926003
28574116
28923035
29238389
28912191
28882104
28881530
28874701
29077490
29044444
28941757
28937923
28892315
28873174
28826872
28816877
28789795
28760375
28759804
28747328
28733846
28707131
28669456
28651750
28611231
28543774
28533101
28389975
28127989
27965058
27511470
29086739
28472702
28794518
28793885
28701492
28898959
28789478
28764696
28737617
28699151
28648807
28643887
28632431
28612623
28486177
28472425
28466137
28465128
28431489
28406852
28303367
28285323
28264768
28230324
28150118
28113402
27834284
27699606
27658942
27618648
27428560
27048704
28754095
28750083
28742807
28708118
28579482
28632840
28813859
28737630
28633779
28633767
28633147
28618899
28550483
28545726
28502379
28493039
28471869
28452648
28448757
28437320
28433450
28410856
28396180
28392424
28364591
28315417
28185338
28181323
27768514
27733425
28694690
28645961
28645277
28606909
28627193
28706169
28680314
28611506
28606500
28486594
28475902
28463150
28425642
28422664
28358584
28346314
28340390
28274302
28240620
28177178
28166168
27943444
27914318
27859948
27377928
27319002
27251297
27075452
26882509
28549447
28630761
28493898
28536519
28659054
28522892
28406265
28355945
28326794
28264087
28251765
28246884
28238756
28235575
28192004
28130887
28087303
28056159
27981366
27933477
27480263
27334254
26666575
26613708
28441964
28431552
28431515
28425238
28278447
28262269
28479968
28399152
28403336
28372582
28369078
28753858
28641737
28520453
28483068
28413709
28345941
28214449
28214265
28202373
28181457
28169155
28167411
28099631
28089796
28088925
28083891
27984444
27981821
27887891
27844152
27696678
27676271
27669177
27562115
27277217
27261972
27246824
27156067
27072353
27060966
27027571
28351997
28331022
28323838
28228566
28320337
28327492
28288664
28293269
28148556
28253928
28253896
28332338
28255506
28249884
28168438
28093252
28089764
28089265
28089264
28079675
28055247
28049549
28028318
28013328
28002854
27935736
27842720
27838315
27623026
27562420
27426475
27411501
27017917
28212664
28212622
28131192
28196468
28193195
28269896
28187205
28232805
28303060
28225493
28161090
28158169
28112559
28068155
27993522
27885527
27866044
27847264
27844173
27814933
27786143
27644916
27592401
27516067
26948107
26935994
26889640
26822516
25994498
28129741
28436375
28095809
28017247
28017228
27839720
27810269
29097960
28081723
28076387
28054966
28049466
27392167
30637335
29316566
29265081
29168548
29088552
29073590
28984605
28972246
28914218
28884712
28869463
28855464
28852335
28852333
28759970
28730259
28715071
28624821
28595181
28578330
28408788
28387674
28382607
28288325
28248559
28248557
28241133
28215116
28124590
28088895
28067611
28059789
28035924
28002216
27988306
27938990
27911313
27906771
27858720
27858707
27836635
27818190
27802220
27725249
27720601
27696576
27690352
27670392
27662321
27659190
27600334
27571419
27541846
27469360
27417070
27054957
26918877
26916247
26893470
26863052
26488262
26417721
28039296
27902169
27894457
27865517
27809615
27771195
27610820
27596922
27568039
27538760
27524403
27435980
27434512
27097789
26876803
26312455
26150429
27902708
27884127
27881101
27895476
27552594
30013285
28005111
27815954
27762636
27687742
27618645
27616003
27600158
27598269
27514578
27454622
27448517
27448040
27415184
27296475
27270271
27251646
27222059
27067497
26828711
26747255
27640073
27721206
27762186
27567885
27653908
27567867
27567824
29118183
27624567
27501488
27488217
27484407
27470003
27452600
27417131
27380626
27354681
27314246
27272159
27254472
27187046
27166164
27164492
27156001
27062109
26951217
26866417
26184035
25961448
27716185
27649232
27598965
27849322
27818970
27742316
27723930
27692109
27654736
27593949
27551570
27538418
27440261
27423304
27287859
27124822
27054440
26807552
26744284
26077991
28102170
27573215
27336799
27564576
27536962
27526049
27423582
27515583
27515173
27514859
27567808
27503823
27492517
27442689
27355103
27329542
27322571
27311793
27311551
27307270
27265399
27206255
27184521
27179658
27161863
27101970
27093961
27033352
27020694
27019317
27019225
26944070
26852368
26674442
26654174
26385256
25984756
27461245
27450155
27440565
27438465
27001572
27447426
27345168
27385683
29213453
28116262
27472000
27454265
27291501
27207521
27160986
27158121
27126715
27111252
27056065
27017375
27002495
26990374
26940028
26928581
26917555
26916174
26900739
26861614
26818529
26803583
26792098
26689582
26442445
26246377
24670286
27374041
27267880
27260328
27621124
27313702
27247508
27246138
27245665
27214334
27206062
27169851
27153818
27151388
27125823
27111110
27006336
26979176
26969535
26944910
26914806
26479487
26441039
26373754
26329682
26203157
27258272
27228158
27347240
27184278
27084227
27583100
27161143
27147693
27142664
27335192
27101161
27092858
26988848
26943872
26943870
26915605
26899820
26879224
26828906
26822417
26806538
26726041
26673910
26576967
26572551
26527229
26356037
26350167
26323658
26295379
26179318
25750252
25721569
27129602
27124658
27605868
26293414
27079195
29942835
27074002
27072511
27532313
27483720
27364400
27276523
27264899
27050664
27008215
26992878
26914834
26884254
26851211
26846301
26788714
26739446
26739127
26709818
26708740
26706458
26680999
26602086
26542880
26463702
26446093
26220364
25952646
25952367
26990298
26972654
26747054
27060941
26874940
26865292
26846159
26827110
26803431
26695691
26626463
26625732
26618799
26598526
26476635
26404166
26114924
26909988
26895203
26879146
26810545
27105600
27092671
26833068
26818368
26818295
26800621
26746862
26720320
26717857
26711668
26705846
26683744
26674655
26502729
26493280
26456425
26432694
26427939
26423446
26209222
26096665
25963296
25804608
26824746
26765940
26568249
26933435
26771462
26723977
26362321
26729159
30620504
30289659
29688673
28757708
28100894
27812988
27684067
27499311
27478818
27445626
27289510
27252743
27250073
27181347
27179570
27151411
27125082
27044717
27040141
26894214
26890774
26890770
26890768
26889802
26889636
26874634
26865337
26863996
26836181
26828627
26805646
26757195
26757043
26755386
26741499
26679861
26671570
26659013
26633863
26561734
26507184
26501992
26460380
26426392
26251110
26207978
26202894
26192385
26108994
26087143
26066564
25968325
25720862
25660372
25123689
26719719
26454406
26637178
26714251
26707561
26705200
26671151
26656521
26623169
26490555
26490330
26481480
26391986
26386901
26343341
26297617
26267424
26264174
26239232
26205768
26122756
26007689
25961143
25940060
25754669
25754519
25737233
25627292
25533477
26609325
26606247
26578083
27027070
27004172
26218240
26567192
26584733
26560960
26558671
26471878
26372099
26350121
26338814
26329729
26329453
26300077
26296456
26265022
26235932
26228098
26210749
26201550
26194461
26152737
26152654
26092063
25916562
25865340
25761632
25476003
26953369
26496709
26487557
26385880
26448131
26414577
26398362
26362496
26348433
26338885
26332079
26321021
26308937
26301603
26296452
26264980
26235668
26185903
26184902
26166205
26151497
26095948
26085186
26011539
25813015
25586911
25511791
26422474
26418971
26059972
26361009
26539271
26421857
26417825
26365547
26352492
26340320
26328226
26228083
26217032
26210229
26208108
26141491
26117438
26108739
26083156
26070289
26022935
26005192
25878029
25829482
25788432
25739637
25707938
25697846
25688039
25641910
25475426
25254409
26298647
26296336
27247673
26272163
26268660
26270953
26675535
26280289
26200445
26193860
26129722
26124060
26117435
26071817
26061291
26042918
26038048
26036839
26010393
25967086
25962410
25937607
25916624
25849599
25752311
25082954
26312120
26401497
26227380
26200048
26181568
26178420
26135736
26091530
26070004
26027940
25867249
25854747
25823578
25820331
25687929
25661994
25594524
25545235
25545189
25487999
25387160
25365564
25162776
25090144
26110271
26157388
26101133
26063168
26044920
26043772
26082708
26557471
26206429
26055780
26055779
26053364
25967541
25964984
25957245
25904206
25892660
25890772
25832177
25804374
25737166
25728534
25677354
25631171
25626701
25595665
25593100
25541087
25532691
25516199
25458810
25430481
25330926
25204314
25200880
25145869
25107933
25092799
24811004
25864784
25995494
25974049
26137068
26035777
25999191
25984622
25941103
25932637
25922464
25901378
25843767
25840672
25818626
25801909
25776735
25753457
25724569
25702600
25690345
25687925
25651577
25573655
25567425
25285519
25118333
25105245
25081818
25047306
24953008
24796270
25923783
25899716
25809278
25802037
25600482
25858941
25887474
25847558
25844285
25795946
25771316
25729001
25688083
25636155
25599707
25465500
25382263
25261638
25238282
25131493
25028345
24921239
24839865
25852542
25766943
25798912
25653291
26246952
26237798
26176676
26020867
25910393
25852112
25812125
25783693
25769556
25763739
25731130
25714451
25601128
25596941
25556029
25548978
25488597
25485599
25410720
25403309
25069837
24909128
24200595
25723162
25695773
25709422
25679521
25675249
25973096
25908281
25842802
25662761
25595478
25535110
25530114
25527459
25511306
25449044
25425219
25319873
25288130
25281872
25192864
25155887
25119700
25029389
24961341
24848193
24823894
24747776
24630745
24585182
23871117
25467699
25588812
25575089
25593340
25559550
25555189
27134634
27070004
27031911
27030831
26999921
26887128
26545250
26493341
26484516
26406134
26402119
26402103
26402074
26402012
26402001
26401927
26401564
26401563
26356394
26348827
26333257
26332177
26317188
26317181
26313511
26305180
26226988
26198160
26155620
26120984
26081323
26067929
25923857
25919054
25918077
25876569
25854929
25840789
25817305
25769262
25765916
25765775
25763584
25759156
25716491
25697700
25684515
25658577
25624417
25613190
25611426
25600920
25597563
25593354
25458480
25450891
25435387
25435322
25420207
25416098
25374109
25367442
25342564
25322926
25301303
25301146
25288267
25266371
25264270
25162434
25125462
25107947
25073971
25070650
25066623
25035261
24963835
24954009
24920350
24911594
24676887
25469706
25361785
28360647
26246940
26246939
25710981
25638889
25611712
25550004
25539040
25471952
25462603
25370724
25311514
25288577
25257776
25256623
25249295
25242051
25228003
25220435
25203470
25194823
25116131
24846770
24747226
24664452
24564930
24315561
24165197
24085655
24059740
25520811
25419980
25405098
25488655
25394020
25306937
25260967
25242728
25236441
25156646
25149041
25127511
25117990
25109808
25001232
24990625
24865878
24713195
24452793
23890751
25382974
25253750
25342142
25325726
25324879
25201544
25198864
25109883
25035160
24929862
24854963
24830903
24681111
24636665
24403280
26229845
25237905
25128183
25212121
25186765
26021096
25373260
25360342
25343554
25323960
25244480
25224917
25192570
25186621
25156184
25155091
25075930
25070703
25034708
25017671
25012429
25007866
24964891
24828750
24766742
24630742
24550546
23604648
24914005
25140524
25363126
24804802
25379411
25153737
24984914
24978845
24971587
24932846
24929996
24911528
24839034
24838678
24806873
24601946
24521182
24519882
24339344
23929664
23818215
23818214
23768682
25041813
25071370
25036938
25031370
25072332
25011441
25000346
23830548
26021102
25226106
25177331
25154197
25061248
25045372
25019544
25014201
24993392
24954149
24947572
24887229
24856227
24839938
24818781
24789301
24773521
24760339
24726383
24687138
24508934
24487382
24188046
24118741
24035273
23806681
24966036
24635904
26126180
25568527
25090795
24972438
24939404
24891584
24890186
24869608
24863641
24817690
24740496
24686158
24641836
24604782
24565278
24493412
24481242
24408750
24316038
24218528
24096308
24033508
23972329
23602308
24886604
24885591
24739783
25065098
24806565
24782156
24780023
24751609
24747465
24700290
24639560
24631501
24599641
24593902
24531222
24440194
24378222
24337684
24315729
24286481
24184306
24158740
24105658
23992936
23619332
24760851
24720782
24695929
27582921
24939352
24676589
24676322
24673304
24655764
24650067
24630532
24630140
24532007
24513725
24508419
24447838
24375084
24323716
24221020
24136001
24133289
24075241
24006215
23963653
23916681
23456184
23418130
24669855
25349934
24636630
24461565
24625137
24610383
26327828
25285233
24937334
24729951
24679353
24647244
24553539
24528775
24496852
24464490
24332466
24286349
24262299
24252377
24243813
24241491
24241033
24186848
24166073
24144250
24141477
24134506
24080349
24022790
23962313
23919321
23891105
23846797
23759435
24586685
25428398
24398344
24484610
24461911
24412046
24375476
24320943
24315730
24300904
24267688
24182523
24169147
24161377
24135083
24021844
24009172
24007699
23969088
23945162
23824297
23715751
23640110
24296273
24472182
24371304
24450311
24465419
24400734
24402064
24393373
28446859
25764177
25632727
25617887
25555868
25492674
25429585
25429575
25422031
25386363
25379547
25366119
25351385
25327368
25318789
25271239
25227806
25212918
25195346
25171652
25143839
25049450
25042503
25042499
25036393
25024337
25011444
24990024
24911813
24858122
24851988
24825957
24783908
24684034
24614391
24603498
24503517
24502686
24499371
24481207
24480815
24410331
24405120
24382727
24376346
24368882
24366922
24357510
24356464
24331082
24311223
24271556
24268564
24254701
24217273
24189222
24169925
24152707
24135627
24127268
24099883
24090926
24085705
24059840
24047643
23894101
23869803
23842615
23768080
23719860
23671016
23603595
24182688
24035530
24248696
23982341
24340090
24294977
24446563
24366794
24366105
24330215
24289467
24252163
24230964
24229652
24200919
24191874
24183751
23992241
23970460
23890959
23871193
23836341
23725663
23725553
23596089
23567927
23515124
23389480
23388067
22807351
22547247
24252596
24209423
24223150
24107869
25007537
24388263
24304678
24175989
24164152
24147540
24107753
24094296
24068457
24063547
24028744
23989344
23886402
23852426
23849500
23769414
23715910
23681087
23636003
23527516
23525478
23412164
22975107
24152757
24204756
24629119
24099097
26815442
24261210
24247857
24247855
24247852
24154584
24120311
24117286
24048110
24026624
23969632
23959214
23948957
23932457
23919773
23916857
23800608
23793818
23743213
23716487
23596106
23537314
23512743
23307695
23303767
23290436
23276131
23253194
23160735
22965768
22915143
22903189
24307968
24053756
24089312
24020630
24082976
24134554
24001736
24364223
24088406
24047633
24026135
24025014
23930743
23930742
23921986
23831176
23816438
23795886
23772983
23763895
23749218
23740186
23567364
23296911
23235268
23939401
23769684
24054932
24021498
23927321
23910840
23846849
23756715
23712560
23684349
23670031
23651733
23312758
23271158
23164924
22952129
23902570
23887984
23601697
21924367
29213846
24584961
23885649
23752669
23739524
23709414
23664844
23632752
23557594
23504051
23490030
23430011
23414669
23369884
23364333
23359361
23261142
23237604
23092697
22941875
22936668
23780764
23738569
26403633
25642578
24093075
23855199
23803639
23803637
23694881
23657934
23631897
23584852
23567425
23482582
23477873
23444979
23421325
23352355
23306709
23143748
23084254
23026547
22991130
22858121
23635967
23685340
23647914
23656967
23543483
23536225
23521077
23506125
23499980
23461657
23425620
23420342
23376005
23184669
23181664
23072364
22954311
22933576
22822930
22733406
22107785
23607703
23587149
23516319
29213836
23611346
23581873
23566183
23561278
23558484
23551355
23515647
23498386
23421625
23415885
23401031
23400362
23339489
23334084
23320979
23296262
23274347
23229432
23210803
23123009
23116680
22760169
22700526
23512759
23374882
23453161
23936735
23789357
23748721
23551412
23443038
23400790
23395192
23364015
23362076
23351239
23314117
23296817
23294996
23264651
23246138
23219822
23083490
23066799
22945881
22748291
22552913
22287027
23261664
23284036
23612053
23437996
23381527
23345099
23343373
23249243
23143810
23113901
23085128
23014693
22936530
22917712
22842921
22811072
22753052
22691088
22673868
22671535
21696925
23325258
25105674
24741834
24521093
24450144
24344624
24340871
24191876
24164940
24111135
24090038
24070476
24046245
23999513
23969758
23969578
23930516
23838825
23816691
23796815
23767934
23751773
23748615
23703153
23687796
23676364
23641587
23635428
23562252
23548031
23546590
23540030
23538458
23504684
23485683
23468267
23457756
23448761
23445555
23435409
23432627
23428994
23398350
23365544
23364170
23301077
23242363
23216249
23174322
23173717
23154430
23141078
23103091
23070909
23036572
23016837
23011219
23001707
22995647
22934683
22929164
22925273
22895691
22820720
22797329
22742493
22713372
22684989
22588710
22562969
22515731
22368079
22261729
22052746
23270457
23266782
23243405
22980400
22935408
22858218
23379084
23255634
23232674
23209065
23140109
23118120
23102626
23082958
23081946
23080532
23078100
23067307
23020942
22883019
22835209
22711157
22699090
22661454
22579679
22451344
22257429
22228377
21599754
23194091
23176560
23176285
23173774
22939818
23367759
23158228
23153737
23086659
23045559
22835409
22832431
22810844
22795048
22672920
22527230
22524258
22469909
22458668
22398875
22391680
22250999
23078261
23075398
22565385
23046538
23241117
23224456
23098031
23076745
23051985
23039347
23034548
22989129
22939104
22796497
22783978
22771128
22736021
22884871
23007358
22935515
22966855
22895582
22954329
22938040
23569703
23015232
22985139
22974860
22955405
22930700
22922237
22921557
22914597
22889528
22889448
22859701
22727948
22717370
22705032
22664647
22610061
22387055
22383107
22173933
22144657
22070573
21997602
21710179
22929458
22901009
22946611
22750122
22574711
22529040
22471349
22424941
22416789
22411212
22353375
22340759
22237822
21857219
22722629
22786526
22747915
23544775
23227586
23037646
22854610
22788404
22770398
22715983
22687442
22685067
22668843
22572553
22562434
22547424
22547423
22407970
22395762
22284835
22172121
22048613
21959363
21449037
22560644
22726236
22708848
22672772
22792584
22754292
22693084
22687392
22687231
22665153
22664551
22596109
22555849
22527201
22516940
22503942
22450549
22425432
22407939
22361576
22341622
22182947
21773997
21667216
21615466
22510575
22024910
22517323
22754486
22673276
22650126
22578384
22573285
22549356
22522960
22487156
22469285
22425375
22417402
22410206
22166396
21760482
21441280
22510387
22605361
22449560
22448824
22443245
22310033
22291219
22285655
22219430
22173818
22023890
21948454
21744390
21617520
21601523
20685009
23594761
22734281
22495338
22495337
22447800
22414405
22414396
22414392
22414391
22406681
22379246
22353235
22303889
22301936
22250139
22229787
22219400
22183872
22125247
22119995
22115596
21956097
21944261
21771390
21764646
21596732
21509434
21472780
21376493
22310415
22439232
22439207
22346736
22323692
22323352
22323347
22283832
22161649
22145992
22137892
22064613
22051941
22035735
22030129
21995955
21975263
21895880
21780179
21770826
21584738
21462269
21452177
22260260
24765410
22229611
22218378
24419500
23939440
23393669
23388601
23373573
23366814
23277780
23235472
23208452
23155784
23144731
23109804
23067269
23008707
22991511
22980928
22973528
22937040
22922821
22854420
22848382
22840960
22821126
22778598
22768253
22722671
22713379
22712204
22705422
22678095
22677764
22652933
22583174
22571979
22568063
22568062
22543849
22531424
22500224
22453181
22450614
22450611
22447002
22425723
22400185
22349686
22330824
22236943
22214356
22190320
22142359
22119600
22023664
22016146
22009380
22007617
22001721
21987593
21917501
21915910
21915909
21895376
21890483
21763789
21682940
21668764
21621393
21565901
21486918
21371761
20970890
22044532
22176557
22146214
22132758
22619933
22126223
22123275
22108769
22033118
21970521
21945481
21902862
21779898
21387175
20015100
21899988
22111943
22107756
22016111
21767573
22674596
22084280
21684552
21990415
22065282
22060677
22048090
22047024
22183468
22146501
22089228
22040900
22018484
21746740
21720205
21707174
21604877
21585581
21515557
21422909
21398265
21353219
21334620
21303350
21116815
22039952
22035016
22026632
21782199
22321497
22032742
22003987
21957917
21946802
21945925
21840658
21821622
21739470
21729413
21545572
21518170
20005598
21939534
21963925
22509637
22384767
22136538
21951956
21904103
21899670
21889116
21887844
21878210
21856999
21845597
21825846
21816863
21810890
21788252
21696355
21633124
21611985
21512753
21409487
21301352
21212379
20957435
20801615
21641004
21240049
21977575
21964223
21877605
21800137
21800136
21785053
21681445
21547751
21452281
21439650
21438753
21269541
21161411
21148160
21277567
21752785
21776577
22364038
22006760
21948896
21942156
21857071
21815848
21733694
21718260
21709610
21701039
21691218
21672706
21664737
21610533
21538190
21495080
21429649
21406511
21394555
21350886
21346517
21311968
21272180
21195633
20926073
20872914
20677172
21711571
21914395
21635769
21830631
21733477
21649633
21640886
21632666
21616199
21606898
21586410
21574955
21546649
21477026
21330230
21274650
21188407
21138502
20979989
20705863
20674891
20587598
20545467
21561572
21870482
21642065
21542002
21534032
21527172
21527169
21445998
21354724
21295169
21292234
21195812
21029505
20718826
20683710
20537736
21584241
21518996
21609636
21044831
21457576
21928495
21677245
21519086
21439172
21425108
21385751
21192239
21055826
20972684
20943293
20939025
20850202
20836916
20830542
20678302
20675190
20658477
20553635
21468299
21437255
26760563
21447110
21396741
21391937
21256069
21190985
21187281
21084353
21036553
20957384
20931622
20716386
21356061
21331044
21325586
22707470
21462261
21347301
21283923
21252111
20876363
20690145
20661882
20597141
20570104
20431485
21269463
22343788
22032996
21995832
21904674
21898328
21858094
21804280
21785189
21747995
21709363
21688522
21674919
21655755
21598146
21474933
21472086
21442857
21422519
21365576
21335662
21323283
21305483
21271791
21240171
21198571
21157019
21117578
21106558
21035308
20980747
20951067
20919762
20849323
20841313
20666620
20658242
20489664
20427095
20336636
20051320
21194442
21135292
22691987
21446623
21368539
21180851
21168675
21155143
21107215
21063218
21057993
21039638
20980359
20936692
20870384
20864380
20836912
20809164
20807331
20800345
20713437
20630776
20585976
20455969
20448541
20394611
20306023
20175757
20149733
20091059
21118498
20303606
21048171
21215224
21174730
21087306
21069596
20923725
20853956
20678299
20556814
20472462
20375419
20057998
20035526
20669264
20958958
20954650
21037955
29213709
21037121
21029976
20939657
20938268
20880176
20869485
20815739
20808089
20738451
20736422
20709711
20660031
20576826
20499242
20402747
20392571
20361911
20104514
20920239
20920205
21808705
20854680
20854654
21542448
20875175
20864768
20856184
20836635
20803185
20798106
20738233
20723783
20707784
20677878
20635232
20624409
20619490
20599215
20594384
20580200
20561079
20521061
20455862
19477752
20538039
20700440
20679638
21055138
20822690
20808005
20693388
20670056
20573053
20493913
20478091
20434745
20434060
20053458
19777538
19274052
21152195
20979894
20920012
20721720
20721716
20637397
20635800
20633096
20591125
20587758
20539163
20539161
20537918
20524974
20512079
20380617
20375916
20020334
19903364
19813045
19774323
20400120
20529325
21413592
20872323
20587819
20545427
20535054
20489100
20382831
20378354
20367890
20206314
20206263
20182898
20130935
20030771
20022304
19854439
19852002
19682838
20421858
20381881
20722821
20675864
20615048
20524451
20517530
20385042
20225175
20220583
20214713
20189260
20178426
20160005
20153946
20003630
19965852
19543845
19434625
22691857
20505430
20500611
20492042
20463118
20415309
20415308
20373068
20354165
20237128
20226623
20220576
20202073
19729232
19556394
19387643
20350331
20089315
20155863
20594284
20339742
20230094
20230084
20199750
20199747
20183773
20176166
20155856
20134096
20065968
20015839
19922823
19895779
19663853
19338727
19274620
20595641
20423411
20374406
20226994
20214856
20196980
20173267
20159122
20110921
20102847
20016050
19937260
19912503
19783464
19783195
19707150
19705051
19625019
19582757
20113526
20101036
20191499
20007531
19921735
20074353
21258290
21162710
21116094
21098966
21095956
21095691
20930289
20930269
20862652
20804013
20681197
20672707
20605008
20564913
20555172
20544597
20513984
20418214
20391066
20378016
20375502
20369641
20164594
20164565
20130406
20114132
20082058
20082057
20051663
20044329
19948392
19932824
19925272
19882185
19874396
19854239
19573053
19517419
19424674
19308766
19908317
19959590
20005420
19996880
19952056
19942837
19942023
19941545
19909911
19905907
19876712
19828373
19811886
19540728
19372147
19933975
19886998
19968165
19952404
19927093
19888279
19884427
19864662
19854958
19843674
19808226
19776138
19775869
19655382
19353539
19324385
19274638
19242732
19705471
19858458
19845947
19691091
19747824
20439552
20205037
20079223
20077983
20059889
19996248
19901498
19812025
19773027
19773026
19732937
19713543
19684154
19657306
19628516
19573633
19538824
19445820
19418490
19362429
19142772
22461246
20923540
19882407
19882406
19877548
19873869
19873855
19860979
19855029
19748373
19700954
19660838
19656813
19654579
19609504
19577889
19439756
19362509
19167092
19104738
19084284
18783643
19706174
19546153
19514014
19774810
19708620
19608786
19578840
19558473
19474738
19346502
19066707
18789168
18188686
19628114
19478076
19573252
20518227
20021402
19820864
19776306
19776305
19776304
19772006
19764601
19597092
19594967
19560715
19559136
19548019
19474132
19438733
19424282
19328744
19288045
19169938
19169651
19097742
18835048
19412942
19578211
19547804
19538803
19506429
19483231
19439765
19368752
19323870
19291617
19226354
19172432
19131155
18977165
18715830
19454193
19567763
19473287
19451453
19432919
19410101
19404155
19396041
19394190
19204024
18821446
18801696
18448178
19185011
19133658
19289621
21165837
19622693
19622685
19563159
19399201
19393379
19364168
19339408
19322935
19307860
19239417
19233523
19230885
19216822
19207793
19190655
19138459
18814198
18437182
19166899
19273824
19579868
19396750
19280408
19260839
19255221
19254674
19252147
19171340
19129202
19057415
18849182
18578893
18515462
19240135
19204262
19041366
26814532
20477285
19281939
19278329
19252762
19242649
19228245
19189250
19187707
19169103
19148570
19125257
19053966
18834556
18758971
20187570
20077992
20017355
19996513
19942971
19907179
19836619
19827696
19718555
19672237
19670917
19666891
19609082
19585385
19584453
19542687
19435698
19396357
19339777
19329902
19327033
19276552
19227099
19208756
19197694
19164273
19158446
19158440
19151901
19145559
19139311
19124113
19122079
19092312
18931006
18512257
18466652
19256282
19212578
19080970
19022007
19008681
18981927
18793288
18657351
18636308
18536955
18480741
18458964
18434076
18980668
19425347
19024779
19024233
19023719
18975103
18953460
18850370
18708488
18703290
18689693
18543346
18328769
18314912
17936381
18709682
29213584
19175191
19090866
18988056
18982896
18978599
18925325
18843426
18841234
18838636
18822675
18806093
18797978
18751742
18729137
18647213
18609021
18556726
18498668
18462557
18457344
18425989
18412291
17622256
19068544
18855181
18840222
18824832
18808240
18797255
18788958
18757769
18725850
18677208
18669506
18662198
18643858
18598599
18597200
18579165
18566100
18538539
18440862
18343730
18214568
19072189
18925487
18811045
18778435
18725681
18689367
18686178
18678796
18667404
18660399
18641194
18599606
18571378
18501390
18490928
18453641
17960474
18371981
18806238
18693225
18681816
18660553
18656750
18591575
18549742
18504322
18478204
18213739
18172914
17765337
17764762
18714648
18541871
18953846
18763441
18713161
18591355
18568731
18498221
18480686
18421535
18373579
18289451
18215495
18000066
17728701
18465696
18464278
18398913
18457528
18448992
18448990
18448981
18446695
18437274
18344560
18301884
18297259
18079083
18038109
17925052
17886259
18307266
18597727
18536138
18525288
18500166
18413474
18400828
18352967
18347897
18344427
18325704
18321511
18302812
18285751
18284521
18257965
18210165
17973942
17925049
17918770
17680554
17651525
17554628
18074376
18407928
18394514
18327020
18291297
17936490
17676651
17621380
18506978
18312634
18299493
18248673
18411608
18347912
18315969
18308085
18302180
18280428
18268200
18239195
18230824
18222447
18096128
18086123
17996925
17928572
17868495
17607801
17429833
17375114
17407796
17395302
17915264
20063847
19562973
19109658
19052451
19042219
19025043
18710049
18679028
18669091
18667813
18649778
18586652
18566948
18560216
18536520
18523374
18523370
18496788
18462571
18411757
18401172
18382896
18332575
18305290
18297487
18238742
18230262
18209252
18204416
18194977
18171971
18171963
18090654
18087152
18080075
18063866
18055170
18042994
18033962
17967512
17964761
17900799
17889589
17681395
17467082
18096062
17881386
18445748
18432122
18361221
18236189
18215724
18095805
18081630
18050101
18048108
18031489
18029476
17894370
17464898
17328997
17721877
18622945
18351187
18250553
18024342
18000452
18000146
17999565
17993952
17922726
17728390
17690192
17947724
17957075
17923356
17901272
17875262
17875034
17702056
17628288
17572053
17380488
17299806
17854511
17882591
17846518
17845241
17825953
17823463
17823434
17805023
17805017
17767899
17767020
17716600
17712149
17712098
17630271
17572055
17521890
17379464
17299494
17709705
17969522
17722671
17631240
17599785
17561377
17503161
17488197
17516457
17642044
17631078
19160886
18219397
18064981
17915441
17901042
17695094
17679065
17678455
17620493
17616788
17568280
17544244
17478068
17379919
17303139
17136713
17786774
17685132
17633594
17624218
17623607
17545449
17524726
17504350
17466991
17440805
17433805
17136706
16831569
17536045
17471544
17393377
17493266
17622999
17605285
17593855
17495199
17493187
17463189
17463188
17463187
17463186
17457538
17449594
17437433
17235664
17152120
16831483
17290451
17695000
17684926
17682360
17545741
17493409
17468542
17420315
17414913
17401104
17371414
17355296
17336052
17131217
17013603
17006874
17363889
19263543
17510004
17439887
17356148
17341770
17341393
17336663
17322133
17309340
17076919
16987682
16690696
17313684
17311208
17380781
17379932
17364437
17331451
17315758
17264158
17261231
17259585
17259052
17244660
17173354
16870038
16683109
16633810
16950457
18441625
18427456
18285291
18166613
18160386
17986816
17953469
17902035
17704975
17700021
17679988
17641527
17623389
17570907
17565215
17535147
17523410
17513097
17438711
17317483
17317443
17308387
17308232
17308228
17308226
17299264
17295156
17233689
17228037
17215629
17209148
17201533
17192328
17114821
17077632
17032146
17006362
16896169
16820421
16517122
23631043
17255641
17203597
17178553
17167730
17132474
17085125
16996802
16983458
16949348
16805928
16733656
16580150
16567037
16518443
17311163
17276965
17191185
17147061
17136215
17117338
17021393
16257094
16814323
17135808
17123935
17068268
17058754
17036573
17011914
16938334
16887294
16875826
16966661
19412481
17217229
17106146
17066211
17066209
16970641
16955438
16942524
16787991
16779501
16721350
16483577
16970141
17130987
17026887
16953135
16911099
16891445
16863723
16863711
16860195
16720651
16607469
16832074
17007292
16886096
16863042
16855424
16842485
16834702
16774627
16547944
16739209
16848645
16814071
16799141
16778664
16762948
16760549
16643920
16627547
16621661
16549411
16420719
20104716
16685237
16766943
16698507
16670248
16614016
16513583
16523520
16875537
16800071
16699980
16629559
16627244
16492603
16276358
17175682
16734066
16683655
16615243
16567378
16534437
16529151
16505127
16498030
16497615
16489948
16477585
16464816
16449757
16392116
16388704
16236337
16094412
15995798
15901652
16505306
18751849
16537994
16473980
16449700
16431262
16422997
16420538
16308326
16200534
16342294
16722561
16435412
16401854
17044730
17016845
16963831
16954691
16945866
16914067
16873919
16707913
16682797
16679763
16608107
16547446
16538553
16534207
16532698
16482927
16426093
16424666
16414438
16413429
16413427
16401890
16391476
16390371
16361584
16340203
16339466
16084686
16372905
16414325
16288406
16518996
16425544
16421351
16420140
16417154
16398299
16358202
16351703
16326891
16319741
16319301
16316819
16316815
16315151
16291886
16291884
16268836
16254011
16252137
16202190
16185378
16055467
15976988
16084528
16821308
16396442
16391715
16344173
16269593
16263848
16254859
16250064
16225953
16219013
16195246
16191727
17411947
16871658
16619923
16405255
16327346
16305092
16266044
16262574
16230746
16214070
16203886
16200526
16195290
16194267
16192259
16189453
16170072
16154697
16098601
15906058
15964021
16272638
16257816
16222394
16177605
16166410
16129758
16095475
16083452
15985482
15978878
15916924
16120848
16133946
16092095
16087760
16085787
16085785
16049247
16035126
16035121
16024880
15316829
16052945
16389714
16277101
16255434
16179656
16096566
16082620
16053366
16023010
16021657
16003199
15999326
15995392
15994626
15963183
15958249
15940318
16281216
16092905
16028761
16006341
16003598
15956273
15956272
15956265
15947231
15930942
15930487
15925068
15920712
15920706
15905703
15896565
15896220
15717199
15716302
15885294
17411850
16053663
15984687
15981666
15972614
15960047
15887069
15883258
15867552
15852460
15842563
15827421
15819730
17998635
15933391
15824933
15812096
15799083
15799081
15793238
15703938
15977980
15749182
15718176
15734596
15945593
15860466
15849646
15804630
15769204
15743293
15728756
15713856
15677622
15634737
15705358
15696569
15699370
16147583
15851281
15841739
15825917
15820849
15804929
15754711
15723251
15703319
15695796
15668960
15660548
15645160
15583700
17281928
16760626
16088137
16042360
16020942
16015040
15822678
15817179
15791352
15779661
15775717
15774110
15769491
15704505
15671193
15668577
15662594
15660505
15639633
15634808
15633001
15616809
15604048
15383743
15215881
15739603
15715362
15687395
15680096
15666911
15611218
15596605
15554951
15550293
15548495
15541859
15527929
15512841
15480816
15547635
15597813
15579313
15545334
15541129
15489393
15481075
15481065
15347768
15465097
15650475
15631732
15603468
15596919
15529558
15503075
15497062
15449367
15380912
15380907
15370189
15365430
15361396
15304252
15899643
15669541
15595197
15508373
15502769
15388017
15378454
15369017
15352144
15314124
15302238
15468905
15325931
15304580
15372353
15345727
15316541
15251058
15239781
15218002
15205493
15085322
15371053
15682769
15490705
15446670
15307814
15272103
15266164
15250195
15240648
15235063
15227586
15220239
15209645
15180780
15102619
14982752
15204498
15683972
15584480
15311344
15237119
15211529
15193827
15193539
15189531
15184916
15180791
15171466
15167107
15147476
15145995
15145486
15099619
15175977
15175968
15503789
15237747
15177272
15172208
15135193
15126233
15126231
15123409
15086662
15086636
15082435
14676993
15114381
15057278
15180235
15125006
15090392
15071079
15060874
15054727
15041583
15003142
14666399
15037691
15054711
14999280
16594234
15218743
15190997
15107198
15085219
15040824
15027034
15021453
15017449
14990644
14984619
14967446
14751433
14997455
15006434
15006430
15036737
15004322
14968002
14604601
15774391
15718626
15678788
15350648
15305107
15259878
15207429
15195459
15130861
15107011
15090896
15031703
15029077
15008071
14870686
14747644
14725800
14707327
14676468
14586667
14564129
14564128
15018681
14974734
14769226
14709295
14704384
14673883
14644124
14635067
14572845
15124555
14685132
14679427
14640858
14618556
14618551
14613597
14609810
14529817
14563500
15490773
14710453
14710451
14662076
14570966
14569641
14534849
14530467
14525741
14512031
14511162
14510909
12888621
15683956
14518808
14516176
14506087
12914809
12861914
12851092
14611076
14524140
13677499
12934739
12891544
12947603
12928510
12901776
12891476
12883925
12851347
12823234
12822150
12785244
12730531
12826637
12901282
12879706
12835845
12801162
12789667
12768504
12730790
12908126
12850965
12848091
12759646
12732680
12731005
12730250
12704403
12771522
12769025
12706513
12683560
12671835
12665712
12660563
15683938
15030059
12834202
12646598
12644519
12640350
12621633
12621260
12611752
12611751
12599292
12557011
12606015
12664308
12653339
12624475
12571824
12566022
12565023
12565018
16191230
14995066
14690792
14671552
14658931
14505983
12955890
12829958
12810407
12788685
12711881
12690902
12687873
12687867
12679824
12678663
12677709
12624590
12614518
12581948
12566599
12548292
12544681
12543260
12539807
12511171
12497559
12493957
12486291
12468130
12674867
12670060
12670059
12470749
12461757
12460529
12450887
12450640
12446751
12438462
12489320
12506266
12501480
12433262
12432413
12414402
12411842
12404653
12392025
12390065
12451709
12426416
12425375
12405569
12395564
12389510
12375258
12374911
12372665
12325050
12230087
12243634
12231100
12215130
12418580
12392766
12386525
12218710
12208910
12208908
12207840
12192100
12177587
12422743
12607138
12222126
12201227
12195243
12177263
12160192
12145380
12171642
15259404
12486898
12418303
12170144
12164452
12154154
12150161
12142826
12116684
12115329
12074755
12077031
12036510
12243210
12122884
12119086
12116799
12114289
12110078
12070604
12050472
12042374
12021198
12078391
12112483
12038469
12020264
12019662
12005017
11994932
11950407
11980683
12034513
11971081
12148333
12027245
11994894
11938509
11927418
11912108
11994772
12010323
11939696
11921125
11911518
11864657
12102448
12028214
11890956
11889362
11835021
11823650
11823328
12779190
12597064
12519587
12492658
12486444
12416256
12240787
12184163
12075718
12014847
12013805
12006734
11964137
11955297
11884653
11872977
11815969
11813078
11802227
11802226
11796426
11790640
11751067
11731708
28682196
11848426
11748784
11738777
11723345
15374021
11912837
11890592
11846902
11780008
11748741
11704491
11703605
11687918
11682578
11606671
11923747
11820715
11725215
11707007
11607937
11581589
11760695
11594265
11572103
11532736
11511702
11490145
11678404
11521932
11512644
11506835
11502459
11493044
11479056
11461716
11759937
11514878
11513098
11510901
11501960
11497389
11475827
11453567
11450710
11438413
11430258
11419566
11468998
11514747
11482464
11464059
11453580
11444257
11401632
11400899
11397605
11384893
11359966
11245868
11376191
11406926
11392645
11382271
11367967
11346831
11316560
11304085
12002069
11798587
11795514
11347795
11334686
11333060
11327249
11319653
11283119
11281310
11240300
11915260
11393266
11352339
11338154
11305268
11298087
11295769
11270307
11269476
11268784
11263020
11261510
11260333
11253157
11182477
11181860
11283463
11241725
11241724
11241716
11237316
11173011
11145622
12081098
11913771
11889959
11763250
11743704
11426286
11351784
11344797
11324386
11321658
11315239
11271950
11212438
11207847
11207330
11207328
11190982
11172214
11124758
11195844
11271091
11242468
11196372
11194184
11142549
11140808
11129760
11122998
11108567
11106139
11099743
11084639
11858314
11126339
11114998
11113984
11077948
11027196
11053175
11089508
11202625
11186402
11083403
11057433
11045793
11045408
11043702
11036844
11010936
11009580
10979056
11045038
11041583
11019392
11001498
10992611
10984728
10940681
11021191
11066460
10945521
10936122
10890873
11147294
11109537
11033943
11016713
10928743
10914923
10907654
10831744
10808121
11041076
11041070
11041069
10998933
10958037
10898308
10877465
10861922
10824618
10799173
10946792
10902415
10833704
10822238
10822236
10789956
10784462
10781357
10775538
10938184
10867999
10793436
10763910
10729842
10812919
10804829
10757623
10738433
10738127
10735482
10712966
10699909
15558886
10779933
10730614
10697079
10681274
10674283
10644310
12462817
12271199
11385830
11294130
11203870
11199185
11198059
11195947
11151773
11095173
11063287
10993410
10959208
10853353
10800282
10730361
10719702
10672584
10659076
10651698
10648298
10601400
10601395
10606112
10599771
10656479
10607969
10595477
10591271
10573549
10573502
10525249
10686659
10622673
10609097
10573311
10559568
10556869
10555660
10541767
10526994
10519877
10540004
10828566
10709586
10614125
10609667
10596369
10589897
10582801
10540759
10534026
10532608
10522741
10521163
10486397
10522567
10522566
10496273
10610080
10530851
10498109
10479233
10471262
10460990
10428732
10496538
10478358
10473059
10430675
11225794
10548918
10528303
10488935
10473305
10424552
10424221
10423767
10423050
10416413
10410837
10401998
10393144
10388989
10387142
10379522
11199834
10441814
10436496
10436495
10431776
10422208
10412693
10382777
10341026
10329094
10514727
10469081
10396171
10395077
10348155
10373791
10227625
10825033
10615562
10533553
10533552
10371133
10358724
10230643
10204834
10201412
10094806
10333377
10089837
12973385
10972003
10933632
10752470
10452732
10395061
10354975
10350421
10218936
10207748
10203431
10102548
10102249
10091615
10072751
10343348
10197891
10197669
10088065
10087548
10073092
9973012
19178202
10888483
10794047
10789216
10746335
10711369
10552318
10502996
10475047
10436334
10404520
10397433
10230683
10199047
10082334
10076947
10073734
9990637
9930904
9921585
9919318
9876214
10025070
9922541
9894655
9887397
9876960
9876864
9868224
9865208
9854713
9836482
9831574
10565413
10346695
9864610
9848488
9847036
9845235
9830330
9826872
9825166
9813586
9810944
9808234
9778754
9778331
10483387
9779658
10497649
10210872
9800048
9785145
9775698
9744453
9738643
9721743
9838829
9788763
9727657
9726596
9699691
9680237
9832918
9807853
9797639
9773304
9724942
9706539
9703825
9681642
9670182
9659954
9782980
9677500
9666763
9628043
9741313
9697585
9653639
9610790
9561431
9773045
9585854
9581223
9576545
9561983
9623118
10180997
9615981
9584537
9581452
9504588
9482775
9507545
9475452
21494441
10530167
10209779
10022055
9850351
9796863
9750684
9720973
9720486
9718229
9670733
9547467
9546099
9533375
9521521
9514143
9483342
9472812
9467725
9457513
9434662
9587440
9584562
9462214
9451888
9436775
9430052
9412628
9402826
9869972
9477439
9406359
9402455
9372387
9350935
9416651
9347775
9536584
9383967
9382019
9374134
9359123
9358514
9350953
9869960
9411677
9364492
9337643
9309749
9250633
9253920
9253778
9236442
9221970
9209172
9202354
11324497
9534364
9381520
9277002
9268809
9243651
9215947
9209961
9192190
9183325
9176829
9174510
9180024
9333545
9282178
9183303
9171968
9142514
9137124
9130217
9196516
9160280
9150508
9149967
9109708
9090332
9091520
9128963
9125732
9080286
9071481
9071444
9068622
9068520
9060896
9055291
9128624
9043744
15374134
9604051
9565720
9527656
9435826
9413953
9349057
9339271
9339266
9266031
9254266
9247994
9231571
9229819
9157210
9121994
9121973
9121966
9021035
9010908
9006297
8990035
9176889
9082672
9000296
8994946
8990586
8990585
9003961
8998353
8914096
8912484
8909427
8906039
9201782
8940817
8916641
8904546
8904540
8837580
8882915
9610337
9054101
8921664
8910246
8892470
8888320
8866497
8804495
8790235
8780542
8969448
8921694
8863011
8694024
8656541
8929178
8651843
8687024
8646993
9239289
8771629
8763804
8711034
8656247
8949557
8848505
8809443
8734751
8734063
8694402
8650863
8621100
8617910
8942256
8907661
8848390
8826285
8739675
8736420
8628003
22692097
8670542
8609026
8595762
8926290
8833378
8822404
8775533
8666716
9166659
9154597
8963584
8953755
8881885
8845700
8814371
8788264
8774552
8714046
8679057
8676117
8616948
8614771
8559361
8546913
8537590
8595040
8539717
8815777
8564325
8560313
7572737
7577517
8552225
8539154
7677081
7502375
8590095
8581790
8581789
7653692
7635728
7484194
7550185
7542818
8829429
8524167
7652139
7576039
7480460
7773426
7769448
7673060
7634684
7608356
7481408
7726320
7722132
7664192
7610389
7566352
7897788
7785300
7775655
7751982
7709965
7537907
7882486
7883999
7882232
7796066
7792001
7655703
7854484
7714652
7599244
11415530
9447027
8821332
8800785
8695967
8666467
8610218
7885509
7810464
7805224
7784165
7770646
7743009
7712743
7711492
7711487
7662484
7649211
7617635
7601365
7578288
7481577
8605505
7991117
7843605
7843604
7843603
7968752
7963284
7892355
7891643
7880328
7849182
7843058
7756192
7534027
7985400
7966434
7735362
7516978
8028061
7939003
8088122
8081448
8012003
7955713
7951579
7951066
7920492
8072052
8067269
8052336
7924078
10678322
9612049
8188130
8166066
8155014
8141015
8073574
8020002
7517191
8147300
8131129
8156097
8109655
7905549
8291984
8186884
8284888
8191660
8191524
8174508
8054233
8016587
8016025
7999421
7984613
7925546
7894051
8299652
8280531
8260376
8252676
8238634
12404778
8291289
8290753
8227995
8227889
8154120
7505935
8412737
8378950
8292768
8245280
8108818
8401967
8400611
8258600
8366704
8356769
8366426
8342508
8321446
10146234
8373569
7692680
7687093
10126409
8394847
8372161
8354767
8335487
8326082
8215196
8470316
8399447
7691775
8464937
8411786
8471680
8505119
8475198
8451073
8427133
16818331
10171835
8437196
8424853
8422876
8416572
8393547
8326427
8122874
8110523
8059377
7681566
7677974
1489563
1488887
1304618
1304614
1304612
1447004
1430852
1292236
1423253
1407580
1407349
1451197
1438611
1395205
1529057
1494639
1434220
1405168
1609760
1389083
1357714
16839991
1630346
1628198
1613684
1535302
1504131
1418218
1583928
1572027
1506618
1440128
1627973
1599335
1558698
1558697
1536633
1316206
1740942
1739530
1639637
1636262
1630083
1602337
1544618
1541037
1488213
1487334
1306634
1288661
1957902
1793238
1763404
1940093
1934758
1818228
1799863
1943725
1763144
1748167
1746278
1891084
1839097
1743016
1680114
1953272
1754629
1714056
2058587
1942974
1893291
1889222
1873746
1715549
2042568
2059121
2054239
1863390
1855540
1895527
1874261
1865205
2004297
1863703
2049657
2041929
2037323
2025901
2023021
1848149
1830710
1786404
1987875
10149447
2071186
1991011
10186784
10149141
2020932
2015456
1834189
1776759
1723058
1670068
2254568
2131340
2097408
2077737
1966178
2291857
2266368
2251404
2123324
2099990
2236476
2225806
2204587
2104515
2402812
2145211
2132383
2399577
2238781
2136084
2088603
2371821
2114429
2352903
2344560
2341435
2340714
2188198
2330631
2265661
2185460
2173210
1692124
2353466
2328639
2313003
2326409
2325401
15374526
2367901
2314570
2296387
2296355
2163803
2141102
2114648
2113715
2688794
2804894
2590588
2815980
2801525
2764175
2488301
2799885
2796235
2760418
2745941
2530695
2544417
2501987
2495730
2927642
2917430
2735095
2923008
2523095
17093611
2921339
2814660
2777823
2737487
2735691
2733819
2722406
2683136
2661780
2624794
2624132
2613428
2606226
2600704
2555093
3217969
3147941
3067447
3418040
3239147
3406455
3135096
3384356
3356438
3344658
2963060
3339175
3339168
3191839
3416889
3335722
3251763
3243655
3235292
3235290
3175547
3121783
3120858
3119123
3676148
3436501
2827870
3689054
3632250
3695544
3676606
3498855
3037438
3615726
3598724
3694588
3595396
3608270
3495723
3822973
3815823
3585811
3134128
3592576
3572593
3441874
3321126
3801821
3776851
3770482
2432567
3094434
3742753
3468808
3453477
3091461
3750625
3733582
3725116
3632204
3957877
3743932
3728069
3701347
3713115
2870754
3962709
3962707
3823707
3779137
3732096
3714835
3523282
3519097
3470077
3451336
2949847
2428104
3869787
3835409
4081400
4090186
4044542
4085732
4068635
4034936
4067369
4009768
4024974
4005085
3997920
3924200
3989252
12155037
3980271
3987222
3972671
3971528
3920735
10270615
4094952
4002135
3918197
6521999
6521943
6509268
6503363
6526029
6526682
6481054
6477777
6477776
6440334
6383679
6482522
6466181
6737043
6734944
6721737
6509111
6588401
6475186
6722398
6142317
6723243
6716317
6699381
6699071
6719213
6541928
6539936
6500842
6666645
6640219
6653529
6883863
6555671
6888856
6871512
6860206
6853579
6839816
6868731
6829489
6827014
6888711
6829256
6677085
6668749
6664643
6624345
6582667
6367845
7180411
6814408
6181116
7137422
7074457
7072583
7048226
7162582
6958038
6274036
6170767
7318853
7293940
7198432
6169036
6271845
6790260
7036657
7266074
7234630
6259306
7222853
7343504
7251197
6942957
7437413
7448475
6447800
7442591
7399274
7443937
7443607
10245502
7413851
7369354
7358272
7355806
7371255
509826
434237
380269
255549
438794
311213
36003
530594
254277
420034
453956
380909
263004
745918
732082
249948
752050
671066
748439
641024
667229
652873
627689
726780
618958
343787
26242
613247
589223
611489
23701
23697
23696
931595
274005
864213
604073
883762
860732
848474
839204
138492
26237
892913
830257
621120
1016679
1087261
1051385
980788
967016
1015137
950455
823384
1026582
939115
1276628
1247070
1010678
959788
1225345
1213271
1105491
1181364
1163545
1141984
1101898
48002
1091124
47831
1213850
1213849
1213848
1213847
1213846
162800
4434288
4414519
4470498
4819905
4710912
4710899
4719011
4565161
4333729
5098058
5540323
5490954
5194767
5774883
5774273
5366228
5723489
5723488
5212299
4969422
5663615
5663546
5663545
5663544
6074344
6022113
5978420
5944810
5177315
5174412