40939399
40912331
41195580
41130708
40913916
41248359
40857986
40592410
40550276
40327362
40249278
41248141
41193992
41148236
40966533
41239069
40907090
41237402
40774233
41204255
41204095
40753941
41094694
41091131
41083972
40983771
41057644
41076734
40876059
40838580
41059380
40764445
40384367
40993548
41076410
41246106
40081868
40958393
41137974
41137003
41134968
41043306
41107848
40954279
41008403
41022653
41069797
40954525
40903428
40814201
41154917
41108732
40889946
40762150
41081690
40683774
41055581
40280825
41014098
40972439
40914005
40908205
40902721
40262420
40153538
40845487
38646703
40770967
38557431
40751539
40602604
41010903
40785170
40712224
40588789
40482961
40133128
40659932
39557377
41026205
41006395
40438953
41036264
40390335
40961484
40611851
40466100
40103483
39868903
39854098
39102382
40950777
40906708
40491943
40426671
41082891
40359409
40349232
40354560
40120211
40084665
39986906
40886039
40803201
39668706
39425589
39235323
39046886
40298695
40271986
40217164
40403240
39749399
39558706
40192627
39971666
40121512
40113786
40854831
36711943
40917431
39269457
40838470
40810792
40053803
40788441
40922863
40045280
40913583
40045225
40816791
39675678
39566583
39996907
40543176
40505216
40308647
39892198
39823778
39699037
40460571
39503943
39926391
40220014
39789030
40219895
39487633
39427932
39449166
36913726
39001696
40717108
40715100
38494742
40867361
40696713
40694041
40725815
29494058
40680176
39741882
39726912
39660687
40660509
40646584
40708592
40637155
40634985
40724152
40626328
39471701
40097131
40610909
40613728
39387833
39297292
39133575
38404021
40226691
40273549
39634772
40155248
39549084
39307006
39847732
39543583
38862183
39611055
39149285
39531267
38522914
40776998
40493593
39812009
40492884
39563193
39442414
39327264
40561214
39225548
38940382
39322558
40338599
39544660
39390858
40064286
39960118
39949308
39390853
39377555
39234671
39172047
39505247
39427246
39164158
39127457
39172382
39117299
40446320
39009312
38896893
39302979
39311248
40369455
38897440
39627656
40355951
40340958
38695380
39093481
40401068
39129694
40552901
40347436
38942197
40331508
40311125
38834449
38735537
38658231
39054326
38266149
40083034
38956137
39868727
38822147
38593940
38231374
38907208
38839833
38834971
37997256
37409731
38816695
39106528
40258295
38570074
38781250
40214807
38857888
40178616
40489385
38769801
38640961
39894701
38513369
38452494
37128648
38239023
38237255
37335212
39422599
38261982
39275945
40172409
38354142
38355436
38317248
38303088
38237369
40101207
40105570
38108673
40087727
38344232
40033596
39781213
39302375
39250901
39097906
38839316
40053734
40037562
38768581
38676689
38374744
37980780
37932240
37782966
39832919
39752809
37201184
37995462
38141049
38907746
37017862
37385898
39052823
37213189
37801360
39963198
38313168
39997259
39920576
37531702
37526768
39982378
36509707
39913274
37551136
37348392
37711233
37620920
39825184
37590054
39778052
37501974
39708007
37245524
39680310
39615421
39537976
37286313
39303301
36736499
39880434
37241119
37097662
41173547
39864818
37163030
37238956
39820655
37098513
40061180
36701853
36508212
39857535
39802193
35083950
41222255
41172316
36583848
40953385
40633081
36148575
36979186
36446750
36879722
39963755
39870070
36434931
39819167
39789673
39705882
35676795
36624382
37699860
37655404
39520205
37066911
36554774
39375188
39236690
36335542
36387009
36289297
35863150
35853559
35420834
39122263
39708227
35779670
35772626
39933108
36138976
39665851
39475579
39663181
36052197
35753049
39500302
39476530
35749631
33899678
36092817
39297518
35830959
39270619
36072479
35986203
36005258
38916144
38485525
34821521
35937073
35819413
39618882
35567346
39601933
39654952
35490476
34254553
35220357
33682540
39541382
33754961
35544317
39509406
34454923
39570109
34229584
39973376
35410145
35720657
34911368
34450643
35317432
34923217
34623735
35210344
39260089
35237627
33998956
38936317
38861872
32404661
38343163
34037689
36279235
39451049
35599480
35275557
39428505
39415229
39407157
35098979
39369218
39593523
34963072
34742925
34961546
34353790
39364774
34925096
35356846
34405224
34570180
34523075
34520997
34542418
39059511
34515776
38950382
35319693
38884978
38776700
33721299
38586881
33392982
38146958
34575040
34432842
39289601
39288153
39285329
34483998
39251941
39234280
34354162
34413797
34352166
33992530
39378499
38991486
34283032
38896183
38810724
38807437
33563798
32820955
38233366
34198487
34200303
39197052
34069601
33685980
39172310
39201220
39163295
39152303
39152396
38818723
39142675
39136801
33910556
33739929
33729425
33856971
33812772
33595992
39090611
33434454
38970987
33275166
33084927
32863188
32036726
33810201
33663416
38579178
33970664
38254270
33567399
38196159
37731384
33468519
39024575
39015001
39010098
33395732
33206383
38961750
38960880
32208884
33628415
38909541
33526504
33476877
38813611
38696891
33439851
33359928
33096329
38580835
38578434
38329107
33446114
38197541
38031408
37665611
37611617
36892484
33441154
33407194
34633324
38071660
38962781
38931270
38858698
34487043
38894894
34334394
34024833
33975314
38943525
33907606
38858522
33814424
38608752
38416337
38332544
38290875
33393797
33227684
33145603
37424233
32565008
32151300
33424685
33323037
32394109
32060802
33266111
37974300
33208795
38745133
38728274
38723006
33173922
38704540
33149110
33224927
32857486
38698588
32771860
38599032
32718797
33132939
32518060
32716001
38403273
32329359
38344814
38169151
38102507
38069691
31906766
37284871
32859191
38503443
38664629
39247767
38668910
38635544
38623717
32706944
37995309
38721997
38651329
38558209
32635640
38092308
32801252
32690123
37005193
38559456
38532541
38471563
32102601
38540573
38517442
37246794
31402683
38304924
32469314
32570436
32186250
31883197
38193429
38009855
31782661
38413921
29895893
32410651
38365646
32167785
32146314
38355196
32077733
30951261
37923379
32238507
32607400
32248930
32062052
32056946
38039949
32019622
37847074
32000270
31918594
37477277
31535612
31388746
38406060
31228259
36302613
32730371
32166190
39305089
32160990
31871139
31829729
31658930
31342865
39093078
32153465
32093795
32074412
32023367
31802212
31469297
33104025
32925092
32925031
32659778
32568205
38457158
32417778
38358687
32320973
32003417
31954041
37975563
31937636
31559533
31555978
37698184
37220026
31189339
30757953
38248828
31503333
31534024
31435870
38078548
31241428
31343240
37792262
31279669
31656033
31635199
37365932
37365164
37347921
38053921
31844503
38084212
38026759
38002803
31446592
31342135
31267621
37696200
31256281
31188286
31109909
31050041
30600489
37903801
37891520
31565112
37893781
31556498
37788049
31361357
31350667
31327051
31320275
31313875
31276755
36793228
30138143
37841733
30136743
37872090
37260290
31443106
37772149
31434232
37635672
31346625
31311842
37409793
31294917
36892103
30910421
30607676
30238866
29192512
31428305
37563599
37559116
37595070
37385723
37523359
31345310
37477958
31256511
37464431
30953654
30499598
28786908
36694350
31185923
31261554
37496538
30854733
37312113
30617439
37376454
31133550
31072403
37013625
30911822
36669505
36598090
30879736
35596121
37234215
30788615
30667129
30568131
30842292
31061232
30703703
36352151
35822455
35356837
34615416
30841587
30851950
30713036
37205144
30681186
35938348
30406574
29542093
30814568
30783550
30630729
30523659
34791987
37034950
30394772
36981783
36877563
30146591
30107062
30103612
30673880
36630255
36627849
29415276
36563787
30621313
31304792
35446742
35333139
36926459
31092785
31003069
30584142
30299347
36170549
36150636
29923469
30447861
30376184
36075059
36681848
30315392
30369270
38131120
38074079
30211612
30145304
30048834
37036668
29244062
30425751
36587607
36573052
36513918
34654234
30238286
36328878
36257358
36196673
30082208
36595984
29879608
28597694
28439787
36446050
29878204
30103065
30100113
28535075
30107802
36184675
35872328
30088601
29748110
29737879
29503213
36361256
30021532
29730329
30073037
36388902
29676484
29625875
29548721
29417692
36150254
29146222
28911268
27353568
35851589
29731299
35752399
28329867
35098900
29661332
29604484
36203667
29521883
29436160
29252121
29089398
29670402
29606317
29498779
29383616
36038457
35989948
29374303
29306607
35552345
29247347
27927733
34654656
29409164
29148293
27231036
29454326
32789226
29290208
28945120
35921313
28434642
35511777
35331570
30412491
34615739
29966193
35877169
29865086
35840643
35911025
35859622
35320340
29186356
36926295
29202529
35730515
29037500
28418163
29052660
28844367
35357876
28991661
35032478
28818699
28791690
35725504
28676310
28283381
35686030
35959931
35246404
27578455
28926003
35641947
35604762
28937923
28892315
28789795
28759804
28651750
35591160
35258555
27965058
34988885
28794518
28898959
34041802
28789478
33461367
28699151
35438648
28632431
28264768
35465698
28618899
28437320
28396180
28364591
27733425
28340390
35226063
27075452
35066309
26882509
28522892
28264087
27981366
27480263
28441964
28425238
28278447
35206564
28399152
28214265
35135772
35121608
35178015
28088925
27696678
27277217
34964675
34953202
34642459
27246824
27060966
28331022
33267710
28323838
35093130
28228566
28253928
34997128
28168438
27838315
27623026
27562420
27411501
28193195
28303060
27866044
27786143
27644916
28869463
28624821
28595181
34983322
28067611
27911313
34922280
27571419
34847509
34818256
27434512
34808440
26312455
27514578
34592746
34569536
27448517
27222059
27567824
27380626
34916311
27314246
27166164
27598965
27054440
34826667
34794723
34788729
27336799
33755297
27503823
27329542
34883868
27322571
26654174
34782630
25984756
27461245
27450155
27447426
27345168
34283634
33846726
34678867
34868722
29213453
27472000
34765330
34538350
27111252
26803583
24670286
34183238
27267880
33745291
26969535
35083455
33975337
26944910
34546184
27228158
27184278
26899820
34515774
34515771
26828906
34425986
34407626
34189483
26576967
33722084
26295379
26179318
32877315
32223443
34463635
25721569
27532313
26788714
26739446
27060941
34308546
34406294
26695691
26895203
26711668
34550188
26209222
25963296
33949749
33555082
33016171
32876940
30620504
34280963
34371894
27040141
34528548
26863996
26805646
26757043
26207978
33174077
33100187
25720862
25660372
34201928
25123689
34138909
26714251
26707561
34745771
26490555
25737233
25627292
26152654
33507785
33411940
33127384
25865340
26398362
33885045
26348433
26301603
34070014
26166205
33985441
26095948
26352492
26108739
33955835
26070289
26005192
33947831
33754416
33650788
33608187
25829482
29790293
33994995
25641910
25254409
26296336
33859074
32814961
33908364
26270953
26227380
26200048
26135736
33508728
25854747
25661994
25545235
33387217
25365564
25162776
25090144
33002314
26055780
25957245
25904206
33770828
33898761
25892660
25595665
25532691
25516199
35415538
26035777
25776735
25702600
25567425
25118333
25809278
25858941
33221287
25887474
33191061
25238282
25852542
25653291
25910393
25548978
24200595
33622351
33679465
33150424
24630745
25559550
27070004
27031911
26406134
33155335
33090825
26402103
26402074
32778386
26401927
33519706
26356394
25923857
25918077
25658577
33432096
25624417
25600920
34808622
25435322
34602467
25420207
34420971
25374109
25162434
34250940
34250934
25066623
25035261
24963835
33952730
33950069
24954009
25710981
25288577
33720896
25203470
33643494
24846770
33523002
25394020
25260967
24713195
25324879
25201544
33347024
24929862
24854963
25017671
33140499
25007866
24828750
24984914
24978845
24339344
33329911
25036938
23830548
33271788
33075140
25226106
33023324
33011098
32812844
25014201
24856227
24760339
24487382
31591900
26126180
24939404
24863641
24686158
24481242
24316038
23602308
24700290
24337684
33151955
24315729
24184306
33048826
24105658
23619332
24676589
32883632
24630532
24532007
24006215
23963653
23456184
32405881
32375174
23418130
31639279
24461565
33109093
24144250
24134506
33076822
24315730
24267688
24169147
33123076
33009959
33222867
24161377
24007699
32658377
23969088
23715751
32389605
24450311
32309959
32190984
31030643
24402064
31956891
24393373
25617887
25492674
32502253
33013705
25379547
25318789
32990078
33543083
32988450
32988447
32889833
24911813
24684034
24502686
24357510
32597328
24356464
24217273
32440752
24169925
32356278
24047643
32184070
24330215
24229652
30180778
23836341
32952987
32867186
32453822
32807857
32374839
32990590
23725553
22807351
24304678
32458529
24107753
23769414
23715910
24099097
24048110
32690091
24026624
23303767
23276131
24134554
32768128
24047633
32614328
24026135
23930743
32317268
32250480
23921986
23831176
23763895
23846849
31915088
23902570
29213846
23709414
23664844
32570653
23557594
23504051
23092697
23026547
32497153
32487169
23521077
23506125
23072364
23516319
23581873
31487064
23551355
23123009
32463834
22760169
32438377
22700526
32375641
32419647
23551412
23264651
32189244
32175753
23083490
23249243
22936530
22691088
24090038
23969758
31436599
23435409
30772362
23432627
32252760
23016837
22929164
32063250
23266782
22858218
23067307
32020433
23020942
22883019
31992663
22451344
22835409
22527230
22469909
31587629
31576760
22458668
22398875
22771128
31342166
31243870
22935515
32231430
23015232
22985139
32124066
22914597
22387055
32163313
22411212
32123923
23544775
22854610
31913926
22788404
22668843
31682890
22395762
22792584
30739260
22687392
31419150
22596109
22503942
21773997
22517323
32040357
22410206
21760482
22510387
22291219
22219430
22023890
31588512
31979131
22495338
22379246
31914970
22353235
21764646
33095089
33044188
33044186
21596732
22145992
22064613
21995955
21780179
21770826
21584738
32568211
21462269
32568110
32493005
23373573
23008707
32342464
22991511
32309976
22652933
32246676
22450611
22400185
22330824
21621393
21565901
20970890
22033118
31868678
31843425
21899988
22674596
21604877
21585581
31612725
31582311
21515557
21303350
22003987
31393150
21957917
30968783
21946802
22384767
29944463
22136538
21951956
21889116
21887844
31840679
21845597
31669838
31584222
21788252
21877605
21547751
21269541
21161411
21148160
31165319
30698774
21346517
21272180
20677172
31752857
31727663
21616199
21574955
21188407
21292234
21584241
20850202
20675190
30702029
28826281
31664922
21391937
31644549
20957384
21252111
31615567
20661882
20431485
31442364
31364038
21904674
21804280
21688522
21674919
21474933
21422519
21157019
20849323
29851748
20841313
31561490
20336636
31493323
31490942
31436713
31408289
22691987
21180851
21168675
20836912
20713437
21069596
31280075
31279634
31279476
20853956
20556814
20738451
29196835
20709711
20402747
21542448
20875175
31395817
31446685
31305871
20836635
20594384
31235346
20580200
31129686
20561079
31060822
20053458
30897944
30829064
20979894
20587758
19903364
20529325
21413592
20378354
31291276
20206263
20182898
20030771
20722821
20153946
19434625
20463118
20226623
30897219
20220576
30655191
20089315
20230084
29905848
29394208
19274620
19937260
19582757
31196141
20113526
31218092
19921735
21116094
31155168
20930269
19908317
19905907
30667122
19372147
30556733
30531397
30220028
30004189
19808226
31136589
31028124
19775869
19845947
20077983
19773027
19418490
31072286
31045429
31010489
19882407
19855029
19654579
19167092
30822657
19346502
19169938
30672026
30668624
19578211
30614136
18715830
30081716
29788381
19185011
28412882
30936572
30912529
21165837
19216822
19138459
19166899
31425142
19280408
30851088
30737759
18515462
19281939
30632798
30580895
30552686
19252762
30414317
19942971
29397571
30921440
30900048
19276552
19227099
30850416
19197694
30835773
19158446
30850454
19151901
19024779
18953460
30624952
30614723
30612511
30501977
18708488
18703290
18328769
30077331
18982896
18978599
30737422
18556726
31303148
19068544
30857574
30813172
18855181
18840222
18579165
18440862
30458581
18571378
17765337
30389607
18591355
18568731
18480686
30217666
18215495
30124798
30114505
18000066
18465696
29998606
29952242
29665250
29395371
18457528
29195805
30972138
30684962
30674314
18344560
30673772
17886259
18307266
18500166
30635024
30671280
18302812
18285751
18284521
18257965
31637400
18210165
31543072
31336371
17973942
17680554
18074376
31127783
31127764
18407928
18327020
18291297
30932139
18506978
30776016
17996925
18669091
18560216
30412819
30375028
30316890
18332575
30141703
18305290
18297487
18042994
18033962
30567598
30576579
17964761
17889589
18445748
18215724
18095805
18081630
18048108
17721877
18000146
30141095
30109471
17922726
29609990
29468567
30497414
30598669
30463520
30462688
30427918
30427894
29617707
17923356
30383801
17875034
17702056
17628288
17572053
17380488
17767020
30201399
30199666
17572055
17709705
17969522
30066463
17633594
17545449
29673263
29658287
29532707
17504350
29190312
28812375
17136706
30365764
30321178
30217662
16831569
17593855
17493187
17463188
30031569
17457538
17152120
29956087
17468542
29758586
17420315
28918168
17336052
17076919
17311208
30241538
18441625
17623389
30753730
17308232
17308228
17308226
30029051
29981963
29925886
29906681
17299264
29653772
17233689
29316833
23631043
27302605
17203597
17178553
30115817
17167730
17085125
30113550
30029722
30026000
16805928
17136215
17117338
29741695
17123935
17011914
29503217
16966661
16955438
16953135
28901656
28475433
16848645
30038203
16799141
29950436
16420719
16698507
16614016
16567378
16505127
16477585
16537994
29781824
29777979
16473980
17044730
16963831
16682797
16608107
29522946
16532698
16482927
16401890
29325477
16339466
28757341
29921245
29879948
29958337
16414325
16518996
29579571
16398299
16316819
29135285
16291886
16185378
16327346
29855283
29797076
29800415
16230746
15916924
29746466
16120848
16092095
16087760
29653743
16085787
29603810
16035121
15999326
16006341
15956273
29351130
15819730
29291959
17998635
15799081
15713856
15677622
26819183
26438471
29699963
28877130
34040823
32913759
29636035
15634737
15703319
16760626
29465743
15817179
15704505
15660505
29322357
15616809
15215881
29090387
15611218
28918694
28637374
27443241
15527929
29584785
15512841
15465097
15370189
15361396
29633747
29508694
29426740
29426388
15378454
15468905
29230511
15371053
29193995
29151128
15446670
15250195
15147476
15503789
15237747
28194004
15126231
29487045
15086662
29433474
14666399
15107198
30258980
15021453
29042266
15017449
14984619
14604601
15774391
14676468
28771988
14673883
14572845
28220616
14640858
15490773
14710453
14569641
14510909
30638330
30585599
15683956
12826637
30261156
15683938
12834202
29972546
12646598
12611751
12664308
16191230
12544681
12486291
12468130
12489320
12432413
12426416
12389510
29137947
12372665
12325050
28960596
12145380
12115329
28837948
12077031
12122884
12114289
28448301
28391710
12110078
12078391
12005017
28096051
11994932
28058742
27223330
11971081
29229968
29208017
11912108
12028214
29096387
11823328
12519587
12486444
28425062
12240787
12014847
27899474
11802227
27758154
11890592
29166665
29171556
11923747
11513098
11497389
11798587
11347795
29070947
11338154
11268784
11253157
11182477
28780181
11237316
28653548
11351784
28092209
11321658
11212438
11122998
29238389
11106139
11084639
29077490
29044444
11114998
11027196
11053175
10979056
28760375
11045038
10992611
28533101
10808121
11041076
10998933
28472702
10775538
10699909
10697079
10674283
11385830
11195947
10648298
10601395
28486177
10622673
10609097
28303367
10526994
28113402
10540004
10596369
10540759
10522741
28742807
10498109
10471262
28550483
10460990
10528303
10379522
10431776
10373791
28185338
27768514
10201412
10218936
10102548
28645277
28606909
28706169
28680314
10091615
19178202
28475902
28463150
10073734
28358584
9876864
9864610
10210872
9785145
27377928
9659954
9741313
9576545
28549447
9623118
9584537
9475452
28406265
28355945
10209779
28251765
28238756
28192004
9796863
28087303
9720486
9483342
9434662
26613708
9347775
28431552
9536584
9359123
9253778
28479968
9183325
28403336
28753858
28641737
9137124
9090332
28214449
9128624
9247994
9231571
8990585
9003961
27844152
8882915
27676271
27562115
8910246
8866497
27156067
8771629
27027571
8907661
8736420
8666716
28320337
8963584
28288664
28148556
7577517
28332338
7484194
8829429
7480460
7481408
28049549
28028318
28013328
7882232
7599244
8666467
8610218
27426475
7784165
7991117
28212622
7843605
7843604
28269896
7968752
7939003
7920492
7924078
28068155
7517191
8109655
27847264
27844173
8366704
7687093
27592401
27516067
26935994
8394847
8372161
25994498
8335487
8399447
8471680
8475198
27810269
10171835
1489563
28076387
29316566
1430852
1407349
28984605
1438611
1529057
1434220
1405168
1558698
1558697
1636262
1487334
1680114
1754629
28387674
28382607
1863703
2041929
28241133
2071186
28088895
1991011
2399577
2313003
27988306
2325401
27858720
2688794
2488301
27725249
27720601
27690352
2799885
2760418
2927642
2722406
3147941
3335722
3251763
26863052
3235292
26417721
28039296
27894457
27865517
3121783
27596922
27568039
3119123
3632250
3615726
3822973
27902708
27884127
27881101
27895476
30013285
27762636
27618645
27600158
3094434
3732096
3519097
2428104
4044542
4024974
27067497
26828711
3924200
6509268
6721737
6588401
6142317
6699381
27624567
27501488
27488217
6541928
27470003
6666645
27417131
6829256
27354681
6624345
27272159
27254472
6958038
27156001
27062109
26951217
26866417
25961448
27716185
7198432
27742316
27723930
27593949
7234630
27423304
27287859
7343504
7251197
26077991
7399274
10245502
255549
27423582
27515583
27515173
27514859
311213
36003
27492517
27442689
254277
263004
745918
671066
27161863
652873
27019317
27019225
26944070
627689
26385256
726780
618958
26242
27001572
864213
860732
892913
621120
27291501
27160986
1016679
1026582
1105491
27017375
1181364
1141984
1091124
1213850
1213849
26861614
1213848
1213847
26246377
1213846
27374041
162800
4719011
27246138
27245665
27214334
4333729
5540323
26979176
5723488
5663615
26479487
5663546
5663545
5663544
6074344
27142664
6022113
27101161
27092858
5978420
5944810
5174412
40906070
40651930
26726041
40500311
41238723
41214532
26527229
26356037
26323658
41058585
40742386
40528389
27129602
40227643
27074002
41160926
41087656
27276523
27050664
26992878
26914834
26851211
41149362
41117394
26680999
41023472
26542880
26463702
26446093
26220364
40901038
40879406
26990298
40789339
40492471
26865292
26846159
40457034
40441773
40289592
26625732
26618799
26598526
40214960
40126083
26909988
41008351
40451311
26818368
26746862
26720320
41093738
41008319
40238956
26683744
40948447
40891041
40768869
40752280
40543818
40441942
40415148
26765940
40917242
40790462
40759509
30289659
40820228
28757708
40488989
40480282
40462618
27289510
27250073
40298207
27044717
40263062
40079251
39938002
39863474
40730397
39909861
40724201
40668307
40203967
40618026
40636250
40381314
40353593
26633863
26561734
40267731
39887591
39882790
39503372
26108994
26087143
26066564
40647211
39761997
40540720
40471217
26454406
26637178
40495575
40495289
40388933
26656521
40261292
40107929
26386901
39922446
26297617
26267424
26264174
39831385
26007689
25961143
25940060
39419460
39324780
40442715
40301021
40600025
39868558
40340052
26218240
26560960
26372099
40252512
40157435
40117894
39749679
40294408
26265022
40426633
39862980
40186124
26194461
40246706
40084663
39862581
25761632
39841404
26953369
39821434
39710559
26414577
39384733
40134270
26332079
39288961
26308937
39761756
40142629
40050378
26184902
40086910
40071373
25586911
40026013
26059972
26421857
26417825
40024918
40021526
26210229
39929032
39579261
26117438
39266407
40074663
39994576
25878029
39962563
25788432
39907500
25707938
25688039
39962903
25475426
39868480
39862881
27247673
26272163
39835577
39713899
26675535
39164933
26200445
39856128
26129722
39825282
39822287
26061291
26042918
39857187
39793542
39490916
25916624
25752311
25082954
41051809
40215604
40123132
26178420
40027981
26070004
26027940
25867249
39838709
25820331
39658351
39610284
25594524
39608085
39603508
25387160
39231919
38780969
36409466
26110271
26063168
39744374
26557471
39617744
39460556
26053364
39195952
25964984
39013750
38462968
39624803
38709856
25804374
39595876
39558464
39540250
25593100
25541087
39344629
38505945
39478058
25430481
38704737
39321409
25200880
25145869
25107933
39391020
24811004
39243355
26137068
39235524
25984622
38720624
38153242
25901378
39564282
25818626
39231554
38426222
38909542
25690345
38533792
35764422
39214962
39182059
25105245
25081818
39179981
39203722
24796270
39107406
39072742
39092182
38982845
38758282
25847558
38710325
38443298
25636155
25599707
25382263
25261638
38214108
25131493
39004615
38976268
38877658
25766943
38615911
38597943
38833653
25601128
38830182
25485599
25410720
39430139
39023149
25695773
38899465
25679521
38834246
25511306
37922191
37488778
38778380
25281872
38776029
25029389
38766481
38717798
24747776
39255020
24585182
38416170
25467699
38403289
38389222
37970813
38582898
38212973
38015288
26545250
26484516
37545159
26402119
38452292
38400706
38303161
26402001
38232445
37699427
38207223
38345702
38356477
37915279
37741610
37668827
38279143
38313558
25919054
39240639
39113447
39068922
39031368
38874248
38848193
38696151
25684515
38669560
38545654
38513620
38306041
38143362
25458480
25450891
25435387
37782967
36999914
38179433
25367442
25342564
38155179
25266371
25264270
37990547
37729769
37381880
38036966
37914222
37806671
37385899
37194465
36995269
36715000
37449850
25611712
37817385
37803500
37221053
35142047
37749500
37732590
37528586
37607567
24747226
24315561
24059740
25520811
37629464
25488655
37510946
37545719
37130464
25236441
25149041
25127511
34294015
37425947
37396666
36943287
37351584
36201368
36941070
37132066
25325726
36775580
36647923
25109883
25035160
37076567
37253125
24681111
24636665
36949846
25237905
36758621
25212121
36464975
25343554
37020737
36799956
36756689
36745966
25075930
25034708
36283953
35100918
36190802
36688162
24766742
24630742
36950826
24914005
25363126
25153737
36655645
36490272
24971587
24929996
36402056
35446723
23929664
23818215
23818214
36572691
36261343
36514440
36498332
25072332
36357126
36317267
35445519
25154197
34191260
36506467
36363543
24947572
24887229
36600515
36284449
36257223
24508934
36240173
36293591
36058887
24966036
35811445
33761300
36187571
36123648
36101657
36119701
36052198
35213766
24408750
34708475
36143150
23972329
35538300
24886604
24885591
34124966
35895056
35604656
24631501
35364452
35346458
34669540
35742625
35844786
35594063
35538522
35586201
35128762
24939352
33622073
35468172
35633155
24655764
35247744
35171235
24630140
35190191
24447838
24323716
24136001
35036984
34958871
34728587
23916681
35183116
35360276
24636630
35165292
24610383
25285233
35146060
24679353
35120284
35084704
24496852
24464490
24286349
34183087
33724091
24241491
24241033
24166073
35331144
34991532
24022790
23962313
23919321
36592107
36476696
35912738
25428398
35599483
24484610
24320943
35342090
35337631
35307654
35147532
34924392
34864668
34814099
34768029
34454919
23945162
34039534
24296273
24472182
34948879
34898646
34228317
33081505
32319015
25632727
34597386
25555868
34755541
25386363
34803857
34399870
34369598
25271239
25227806
34663799
34641989
34425330
25042503
25042499
33793069
32426992
34630183
24858122
36324720
33724517
33948656
24503517
34325805
24499371
34216935
34287277
24410331
34060188
33914574
33786884
34248608
33843983
24268564
34370420
33830425
24189222
33745342
33619849
24099883
24085705
32618535
32108530
34108874
24182688
34054625
24248696
33766994
33734344
33953218
34017242
33598981
33640853
33470043
24183751
33423870
33091165
23890959
33787499
23725663
33742011
23389480
33855297
33622666
33493467
25007537
33442845
32977734
32680763
32106897
31918561
33716830
33331023
24063547
24028744
33268471
23886402
23852426
32816194
32809151
33404617
34275910
23527516
23525478
34024829
33935080
33646168
33612541
33509024
33459663
24154584
24120311
33459637
33378074
33196105
23969632
33104038
23932457
23916857
23800608
32036772
23743213
23716487
23596106
23537314
33055276
33293470
33055142
32734380
23253194
22965768
22915143
24053756
24089312
32579704
31411039
33219292
33329088
33312138
33004605
33189129
33177575
32956117
23740186
32889699
23296911
23235268
23939401
32797255
32476139
31830849
31561724
23651733
23164924
33192487
23887984
33192732
30877750
23739524
33076372
33173523
32853825
32694297
23490030
23430011
32430087
32391573
32375913
22941875
22936668
32962076
32957414
33033486
32907903
32857484
32830218
23477873
23444979
23421325
32651249
23084254
32544926
22991130
22858121
23635967
23685340
23656967
32449791
32363605
31635522
32761061
32602253
22933576
32598116
32353168
32281119
31783373
23566183
32717901
32518146
32888656
32490831
32381437
32170444
32088096
23296262
32081532
30171210
32072168
23512759
32479315
23400790
23395192
32198120
32520946
31656211
23246138
31526407
22945881
30698470
22287027
23284036
23612053
23437996
32444620
32536421
23014693
32463470
22917712
22842921
32067288
22673868
22671535
31930617
24741834
24521093
31735487
24340871
32049742
24046245
31894601
23969578
31873787
31633557
23767934
31495773
23703153
23635428
32159519
23540030
32139451
23448761
31969207
31918380
32148563
31448481
31177644
31154933
31732566
32010701
31941440
33185596
32925060
32798911
22934683
32648477
22925273
32610338
22797329
22742493
22684989
22588710
32390614
32289790
32116247
22052746
23270457
32083586
23243405
31985463
31881520
23232674
31771056
23080532
31735378
31681982
31616991
31494822
30449141
22699090
22661454
31860641
22257429
21599754
23194091
23176560
23176285
31857304
31852160
31796642
22810844
22795048
22672920
31571008
22524258
31444048
31422368
30685297
22250999
23078261
23046538
30501456
23098031
23039347
23034548
28933658
31700058
31588880
31553039
22938040
30935215
30782219
31640576
30993719
22922237
22921557
31321539
22889448
31241031
22727948
31170813
31118162
30517631
31085360
31241612
22144657
22070573
31151748
22901009
22946611
22529040
22424941
31101555
31033515
22340759
30945374
30688000
30444020
29059120
30799347
31223247
30985404
30834978
31166519
31122239
31092277
31116658
30913958
22284835
22172121
30836806
21449037
22726236
30718064
30362933
22693084
29424552
30999680
30826716
22555849
22516940
30655032
30537912
22361576
30322899
29304202
21667216
21615466
22510575
30737341
30689734
30474244
30394003
30868501
30688355
22417402
30604055
30403307
30306414
21441280
30279047
22449560
30270027
22310033
29335041
22285655
30423541
30292146
31753148
31683475
31640092
21601523
31619653
31284232
31156171
30983294
30845903
22414396
30689584
30539722
30084177
22219400
30035696
22119995
21956097
30596660
30408646
21472780
30378268
30355543
30317048
30276884
30251374
30037742
22030129
30398087
30346491
30336992
30296336
30238588
30178175
30085899
21452177
22260260
24765410
24419500
29884723
30212839
30027214
29979473
29362011
30335265
23155784
29953925
23067269
30037284
29787739
29407942
30192444
30121084
22778598
29935757
29804147
22712204
22677764
29728937
22583174
29436490
28914089
30057445
29801902
29801896
22500224
29966477
29941156
29793192
29551546
29548857
29505320
29332552
29937440
29704671
22190320
29488192
22023664
22016146
29325447
28065176
29734988
29672668
29481995
29449185
29292530
29282160
29143702
29437184
28931452
30035003
29453244
29329059
22176557
22126223
29513463
29331848
29210282
29114969
29110353
22111943
22107756
29079017
29032789
29100973
21990415
22065282
22060677
22047024
28951497
22089228
28931446
21720205
21707174
28879833
28871794
28416030
27802775
21398265
28582564
22039952
22026632
28985387
22032742
29330419
29196576
30452412
21840658
21821622
30103335
30056433
21545572
29710717
29710716
29689719
29682232
29633694
29376861
29189922
21878210
29171995
29131091
29050493
28927477
21696355
28895973
28755989
21512753
21301352
21212379
20957435
28648111
21977575
28506191
28370353
21681445
28247480
21439650
28240379
28067961
29253029
29256912
29037499
22006760
28734148
27911015
27787708
21691218
21664737
27714849
28276131
29040310
21311968
29306357
21195633
28838910
27730477
21711571
28882104
21830631
21733477
28874701
28826872
28389975
28127989
21546649
21477026
21330230
21274650
28701492
28643887
20705863
28612623
20545467
21642065
28472425
28431489
27618648
27428560
27048704
21044831
21928495
28754095
21439172
21425108
28579482
21192239
21055826
28452648
28410856
28694690
28645961
28606500
28486594
20553635
21468299
28425642
28274302
21396741
28177178
27943444
21036553
27251297
28493898
28536519
28130887
26666575
20876363
28431515
28483068
28413709
28202373
28181457
28099631
21995832
28327492
28089265
28089264
28079675
27842720
21709363
27017917
28131192
21655755
28225493
28161090
28158169
27993522
26889640
21240171
21198571
26822516
21106558
28129741
20951067
28017247
28017228
27839720
20666620
29097960
21194442
21135292
28081723
21368539
29265081
29073590
28914218
28884712
28855464
20807331
28759970
28730259
28578330
20585976
20394611
28408788
20149733
20091059
28248559
21174730
21087306
28248557
20923725
28124590
28059789
28035924
20472462
20035526
27858707
20958958
27802220
27670392
27662321
20880176
20815739
27659190
27469360
27417070
27054957
26488262
27771195
20361911
27524403
26150429
20854680
20854654
27598269
27454622
20856184
27270271
20723783
20707784
27640073
27721206
27567885
27653908
27567867
19477752
20679638
20822690
27484407
27452600
27538418
26807552
27573215
19274052
21152195
27536962
20920012
27567808
20633096
20591125
27355103
20539163
20539161
20524974
20512079
27184521
27020694
27158121
27056065
20545427
27002495
26940028
26928581
26917555
26900739
26792098
20022304
27260328
20381881
27153818
20675864
27151388
20385042
26203157
27084227
20178426
27335192
26915605
26822417
26806538
26673910
22691857
26572551
20500611
20492042
27605868
27364400
26602086
25952646
25952367
26874940
20350331
26827110
20155863
26626463
26404166
26114924
20199750
26810545
26717857
19895779
26705846
20595641
20423411
26674655
20196980
20173267
20159122
20016050
26502729
26493280
26096665
19707150
26824746
26933435
26723977
29688673
20191499
28100894
21258290
27684067
27445626
21095691
27181347
26890774
26890770
20672707
26890768
20555172
26889802
26889636
20391066
20378016
26836181
20369641
26757195
26741499
26659013
26507184
20082058
26426392
20044329
19948392
19932824
19925272
26251110
25968325
26671151
26490330
26343341
19942837
19941545
26205768
25754669
19828373
19811886
19540728
25754519
25533477
19886998
26606247
26578083
19776138
26350121
26338814
26329729
26329453
19242732
26300077
26228098
26210749
19691091
20205037
26201550
20059889
25916562
19901498
19812025
25476003
19773026
26385880
26448131
26321021
19362429
26235668
26185903
25511791
26228083
26208108
26141491
25739637
26268660
26280289
26193860
26117435
26071817
26010393
19558473
19474738
25967086
18188686
19820864
25962410
26181568
25687929
19764601
25545189
26082708
26055779
25967541
25890772
19169651
19097742
25737166
25677354
25458810
19538803
25330926
25204314
19291617
19226354
25092799
25974049
25941103
25932637
25840672
19473287
25753457
25687925
25651577
18821446
25047306
24953008
25899716
25600482
19289621
25729001
25688083
25028345
24921239
19339408
25812125
25403309
25709422
19207793
25535110
18814198
18437182
25449044
25319873
19579868
25288130
19260839
25119700
24848193
19057415
18578893
24823894
23871117
25593340
25555189
19242649
19228245
27030831
19148570
26402012
26401564
18758971
20187570
20077992
26401563
26333257
26332177
26226988
19718555
26120984
19666891
26081323
25876569
19542687
25854929
25769262
19329902
25765916
25716491
25697700
25613190
25597563
25322926
25125462
25070650
25469706
25361785
28360647
19124113
19092312
18931006
25539040
25370724
18981927
18793288
25249295
18636308
18434076
18980668
25228003
25194823
25419980
25306937
25117990
18850370
25109808
24990625
24865878
23890751
18314912
25382974
25253750
19175191
19090866
24403280
25128183
18843426
25373260
18797978
18751742
18729137
18647213
25323960
25224917
25192570
25186621
25012429
24550546
24806873
23768682
25041813
25071370
18824832
18808240
25177331
18725850
25045372
18662198
18643858
18598599
24954149
24839938
24188046
23806681
24890186
18686178
18678796
18667404
24817690
24565278
24218528
24739783
25065098
18681816
18660553
24599641
24286481
24760851
24720782
17764762
24676322
24673304
24650067
24133289
24729951
24647244
24528775
24262299
18373579
24252377
23846797
23759435
17728701
24586685
24398344
24182523
24135083
24021844
18297259
24371304
24465419
25327368
25212918
25171652
25049450
18400828
18352967
18347897
25024337
25011444
24825957
24603498
24481207
24480815
24368882
24331082
24311223
24254701
24135627
18394514
24059840
23671016
24035530
23982341
24446563
18299493
18248673
18347912
18308085
18302180
24289467
24252163
24230964
23992241
23970460
23388067
17429833
17407796
24107869
19025043
24175989
24164152
24147540
18649778
18566948
24094296
24068457
18523374
18523370
23989344
23849500
23636003
22975107
24261210
24247857
18194977
18171963
24247855
24247852
24117286
23959214
23793818
23307695
23290436
17681395
24088406
23930742
23567364
23769684
24021498
23712560
23601697
18031489
23414669
23261142
17328997
23738569
23855199
18024342
18000452
23803639
23803637
23584852
17947724
23567425
17875262
23352355
23543483
23425620
29213836
23611346
23558484
23498386
23421625
23400362
17767899
23339489
23320979
23362076
17630271
23351239
17521890
22552913
23113901
17722671
17631240
21696925
17503161
24450144
23930516
19160886
23838825
18064981
23751773
17678455
23548031
17544244
23485683
23445555
23428994
17624218
23398350
23364170
17440805
23301077
23242363
23154430
17471544
17493266
23103091
23001707
22820720
22515731
22368079
22261729
22935408
23209065
22835209
22711157
22939818
23158228
23224456
23007358
22895582
22974860
22930700
22859701
17439887
22717370
17336663
22705032
17309340
22383107
16690696
22173933
21997602
22353375
22237822
21857219
23227586
17259585
17259052
17173354
23037646
22715983
22687442
18285291
22685067
22572553
21959363
17902035
22754292
22664551
22425432
22341622
22578384
22573285
17535147
17523410
17438711
22549356
22522960
17308387
22469285
22166396
22443245
21948454
21744390
17209148
21617520
20685009
16517122
22495337
22447800
22414405
22414391
17132474
22183872
16996802
16949348
22346736
16733656
16580150
22323347
16518443
17276965
17147061
22283832
22035735
17021393
21975263
21895880
23939440
23388601
17058754
23277780
23235472
19412481
23208452
17066209
23109804
22922821
16942524
22854420
16779501
17130987
22821126
16911099
16860195
22722671
22713379
22571979
16855424
22568063
22568062
16739209
22543849
22531424
16627547
16621661
22453181
22450614
20104716
22425723
22349686
22236943
16513583
16875537
16629559
22214356
16492603
17175682
16734066
22142359
22007617
21987593
21917501
21915910
16497615
16489948
21915909
16464816
21895376
21890483
16094412
15995798
21763789
21682940
21486918
16449700
16431262
16422997
22044532
16722561
22123275
21945481
21902862
22084280
21684552
16914067
22183468
22040900
21422909
21782199
21739470
21729413
16538553
21518170
21899670
21816863
21810890
21633124
16413429
16413427
21611985
21641004
21964223
21277567
22364038
21948896
16372905
21815848
21709610
21495080
21406511
16420140
20872914
21914395
16358202
16351703
21649633
21606898
21138502
20587598
21445998
20537736
16252137
21518996
21677245
16055467
21385751
16821308
20972684
16391715
20836916
20678302
20658477
16225953
21437255
16191727
16619923
21447110
21256069
16200526
16195290
16194267
20931622
20716386
21462261
20690145
16272638
20597141
16222394
21269463
22343788
16083452
15978878
21898328
21785189
21747995
21442857
21335662
21271791
20980747
20919762
21155143
16052945
16389714
20864380
16096566
20800345
16053366
20630776
20175757
21118498
15994626
15963183
20678299
16092905
20669264
16003598
21037955
29213709
21037121
20808089
20736422
20660031
20104514
20920205
15981666
20635232
20455862
20573053
20478091
20434745
15933391
15812096
15799083
19777538
15977980
15749182
15718176
20635800
20400120
20535054
20367890
19852002
20517530
20225175
20220583
15696569
20160005
20003630
19965852
15820849
15754711
20505430
20237128
20202073
19556394
16042360
20594284
15822678
20339742
20183773
20015839
15769491
20374406
15662594
19783464
15639633
15633001
19783195
15604048
19705051
20101036
21098966
20930289
15666911
20862652
20605008
20544597
20418214
20375502
20164594
20164565
15480816
15547635
15597813
20130406
15541129
15489393
20114132
15481065
20051663
15650475
19874396
15603468
15596919
19517419
15380912
15380907
19308766
19996880
19909911
15669541
15595197
15508373
19933975
15369017
19864662
19655382
19324385
19274638
15372353
15316541
15239781
19705471
15085322
19858458
15682769
15490705
19996248
15307814
15272103
15266164
19713543
15227586
19538824
19882406
19873855
19748373
19700954
19660838
15184916
15171466
15167107
19362509
19084284
15099619
19514014
19608786
19776306
19776305
15177272
15172208
19776304
19597092
19560715
15086636
15082435
15071079
15060874
15041583
19424282
19288045
19412942
16594234
15218743
19547804
19368752
19323870
19172432
19131155
18977165
14990644
19567763
14751433
19410101
15006434
15006430
15036737
19396041
19204024
18801696
15350648
18448178
19133658
19622693
19622685
19393379
15008071
19322935
14725800
19307860
19273824
19254674
19252147
14974734
19204262
14635067
19187707
19053966
18834556
19996513
14613597
19907179
14563500
19836619
19672237
19609082
19584453
19435698
14512031
19339777
19327033
19208756
14516176
19164273
19158440
13677499
19145559
19139311
18512257
19008681
12823234
12730531
18657351
12901282
12835845
19024233
19023719
18975103
12731005
12730250
18543346
12706513
12665712
12660563
18709682
29213584
18838636
18609021
18498668
18462557
12606015
18457344
18425989
12624475
18412291
18757769
18669506
12788685
18597200
18925487
18778435
12548292
18453641
12511171
18371981
18806238
18693225
18591575
18213739
18172914
12450640
18714648
18541871
18953846
12501480
12433262
18763441
18713161
12392025
18289451
18398913
18446695
18597727
18525288
18413474
17918770
12215130
17651525
17676651
12177587
17621380
18268200
12201227
18239195
12171642
17928572
17868495
17607801
19052451
18679028
18667813
18536520
18496788
18401172
12119086
18204416
18087152
18063866
12042374
17900799
17467082
18050101
17894370
12019662
17464898
18351187
11950407
12034513
17999565
12027245
17299806
17882591
17846518
17845241
11911518
11864657
17716600
17712098
11889362
11823650
17599785
17516457
17642044
18219397
17901042
12075718
17620493
11964137
17136713
11872977
11815969
17685132
17536045
17605285
11731708
28682196
17463189
11738777
17463187
15374021
17463186
17290451
11687918
11682578
17684926
17545741
17371414
17131217
11581589
17006874
17341770
11572103
11532736
17322133
11506835
11502459
11479056
11461716
17313684
17380781
17364437
11438413
17315758
17264158
11468998
16870038
11397605
18427456
11359966
11245868
18166613
18160386
11382271
11367967
17986816
12002069
17704975
17700021
11327249
11283119
17641527
11915260
17570907
17565215
17317483
11270307
17317443
11263020
17077632
16820421
16567037
11181860
16257094
16814323
17135808
17217229
16970641
11145622
11763250
11743704
16787991
16607469
16832074
16863042
16834702
16547944
11190982
16549411
11271091
16670248
11142549
11140808
16627244
16683655
16615243
11099743
16529151
11858314
16449757
16388704
16505306
16200534
16435412
11202625
11010936
16401854
16954691
16873919
16707913
16679763
16547446
11066460
11147294
10928743
10907654
16534207
16426093
16424666
16391476
16390371
16361584
16340203
10822238
16288406
10789956
16425544
16417154
10938184
10812919
10804829
10738127
10735482
16319301
16316815
10779933
16315151
16291884
16202190
16084528
16396442
11063287
10993410
10853353
16263848
10659076
16254859
16250064
16195246
10606112
16170072
16098601
10591271
15906058
15964021
10573311
16257816
16166410
16095475
16085785
16035126
16024880
10709586
16179656
16082620
16021657
10589897
15995392
10532608
15940318
15956272
15956265
10496273
15925068
15920712
15920706
15896220
15716302
10496538
15883258
15852460
15842563
10473305
10393144
15734596
15945593
15804630
15728756
15705358
15699370
10396171
16147583
15825917
15668960
16088137
16020942
10333377
12973385
10972003
10933632
10752470
10395061
15791352
10207748
10203431
15775717
15383743
10072751
10343348
10197891
15739603
10888483
10794047
10711369
10552318
15715362
10475047
15596605
15550293
15548495
15541859
15545334
15481075
15631732
15449367
9836482
10565413
15899643
15352144
9847036
15314124
15304580
15205493
15220239
10483387
15209645
15180780
15683972
15311344
15211529
9680237
15145995
9807853
9724942
15175977
15175968
15126233
15037691
15054711
15190997
9697585
15085219
15027034
14997455
15004322
15305107
15259878
15207429
10180997
15195459
15029077
21494441
14870686
14707327
14564129
14564128
14618556
14618551
14609810
14710451
9584562
9462214
14570966
14511162
9477439
9406359
9372387
14506087
14524140
12947603
9383967
12928510
9350953
12901776
9337643
12883925
12801162
12789667
9277002
12908126
9243651
12771522
12621633
9176829
9174510
12611752
9142514
12653339
9130217
9160280
9150508
12571824
14658931
12677709
12624590
9068622
12566599
12497559
15374134
12670060
9527656
9349057
12670059
12461757
12438462
12506266
9157210
9010908
9000296
12404653
12374911
8914096
12230087
12243634
9201782
8916641
12386525
12218710
12422743
12607138
15259404
8656541
12486898
12154154
9239289
12074755
12036510
8848505
12243210
8621100
12050472
8942256
12112483
8826285
12038469
12020264
8822404
11994894
11939696
11921125
12102448
12779190
8814371
8774552
11884653
8676117
8614771
11802226
8546913
11790640
11748784
11723345
11748741
8560313
11606671
11725215
11607937
7550185
11760695
11594265
11511702
11453567
11430258
11419566
11444257
11384893
11376191
7751982
7537907
11406926
7796066
7655703
7854484
11304085
9447027
11281310
11352339
7885509
7810464
11295769
11261510
11283463
11241725
11241724
7578288
7481577
11241716
11324386
11207330
11207328
11195844
11194184
7892355
7843058
7534027
11129760
7735362
7516978
11113984
8081448
11089508
10984728
10940681
8072052
8067269
11021191
10958037
10861922
8020002
10799173
8156097
10902415
8291984
8284888
10822236
8016025
7999421
8260376
10784462
15558886
8290753
12462817
10800282
10601400
8292768
8245280
10599771
8258600
10607969
8366426
8321446
10559568
10556869
10555660
10519877
10614125
10609667
10521163
10486397
10610080
10428732
10478358
10548918
16818331
10436496
8424853
8393547
10436495
10422208
10412693
10227625
1447004
10533553
1423253
10533552
10502996
1451197
10436334
10404520
1494639
10082334
9919318
9876214
1357714
16839991
9876960
1535302
1504131
1583928
1440128
10346695
9830330
9825166
9810944
9778754
9779658
9775698
9699691
9832918
9706539
1934758
1763144
1746278
9681642
9677500
9628043
9653639
9773045
9585854
1893291
2059121
9581223
9561983
1865205
9718229
2049657
9547467
9546099
9430052
9412628
9416651
2020932
9411677
9221970
9381520
9268809
2131340
2291857
9215947
9333545
9125732
2104515
2132383
9080286
9071444
2114429
2340714
9043744
9565720
9339271
9339266
15374526
8912484
8909427
2141102
2114648
8790235
8921694
2815980
8929178
8646993
8763804
8694402
8617910
8926290
2735095
2923008
9166659
17093611
2735691
9154597
2624132
8845700
8679057
3217969
8559361
3418040
8537590
3356438
8595040
8539717
8564325
7653692
3243655
7652139
7576039
3175547
7773426
7726320
7664192
7897788
7770646
7711492
7711487
3608270
7601365
7843603
3585811
7963284
7966434
3321126
3801821
7955713
7951579
3957877
3728069
10678322
2870754
8155014
8174508
8238634
12404778
8227995
8227889
8378950
8401967
4067369
7692680
8354767
8326082
8464937
10270615
4094952
8411786
6526029
6481054
6734944
1304618
6509111
1304614
1304612
6722398
1407580
1389083
1613684
1627973
1536633
1544618
1306634
1288661
1940093
1891084
6868731
1743016
1953272
1714056
7074457
7162582
1863390
6274036
1895527
2025901
6271845
1848149
7036657
2015456
7222853
1834189
1723058
2254568
2266368
2225806
2204587
7413851
2136084
7355806
2265661
380269
2326409
438794
2296387
2163803
2113715
2764175
380909
2745941
2523095
2606226
2555093
3239147
2963060
3416889
3235290
3689054
3676606
3037438
3815823
3134128
23701
23697
23696
3592576
3770482
3701347
3962709
839204
3962707
3823707
830257
3523282
3989252
3987222
6475186
950455
6716317
939115
1010678
6539936
6640219
6555671
6871512
1163545
6839816
6181116
7318853
6790260
7448475
7443607
7358272
434237
420034
249948
752050
4710899
748439
641024
343787
5098058
931595
604073
26237
1087261
1051385
959788
1213271
4470498
4819905
4710912
4565161
5490954
5194767
5774883
5366228
5723489
4969422
5177315