23871117
24200595
24670286
24823894
24848193
24953008
24963835
25028345
25047306
25066623
25070650
25092799
25123689
25125462
25162434
25162776
25204314
25238282
25254409
25288130
25319873
25330926
25365564
25403309
25420207
25435322
25449044
25458810
25476003
25511791
25532691
25533477
25545189
25545235
25555189
25559550
25567425
25595665
25597563
25600482
25613190
25624417
25627292
25641910
25651577
25653291
25658577
25677354
25687925
25687929
25697700
25702600
25709422
25716491
25720862
25721569
25729001
25737166
25737233
25739637
25753457
25754669
25765916
25769262
25812125
25840672
25852542
25854747
25865340
25876569
25887474
25890772
25899716
25904206
25916562
25923857
25932637
25941103
25952367
25952646
25962410
25963296
25967086
25967541
25968325
25974049
25984756
26005192
26010393
26035777
26055779
26071817
26082708
26095948
26096665
26108739
26114924
26117435
26120984
26141491
26150429
26179318
26181568
26185903
26200048
26201550
26203157
26205768
26207978
26208108
26209222
26210749
26226988
26228083
26228098
26251110
26268660
26280289
26295379
26296336
26300077
26301603
26321021
26329453
26329729
26332177
26333257
26338814
26343341
26348433
26350121
26352492
26401563
26401564
26402012
26402103
26404166
26406134
26426392
26448131
26490330
26490555
26493280
26502729
26507184
26572551
26576967
26578083
26602086
26626463
26671151
26673910
26674655
26695691
26705846
26711668
26717857
26741499
26757043
26788714
26792098
26807552
26810545
26822417
26822516
26824746
26827110
26828906
26863996
26874940
26882509
26889636
26889640
26890768
26890770
26890774
26899820
26900739
26915605
26917555
26928581
26933435
26940028
26944910
27002495
27017917
27020694
27031911
27048704
27054957
27056065
27060941
27060966
27070004
27075452
27111252
27153818
27158121
27184278
27184521
27222059
27228158
27246824
27251297
27260328
27270271
27314246
27336799
27355103
27364400
27428560
27445626
27447426
27452600
27454622
27469360
27514578
27524403
27536962
27538418
27567824
27567885
27573215
27578455
27598269
27605868
27618648
27623026
27653908
27659190
27662321
27714849
27721206
27730477
27733425
27771195
27787708
27802220
27802775
27839720
27858707
27911015
27943444
27965058
27981366
27993522
28017228
28035924
28059789
28065176
28067611
28067961
28079675
28081723
28089265
28100894
28124590
28127989
28129741
28130887
28131192
28161090
28168438
28177178
28181457
28193195
28202373
28214265
28225493
28228566
28240379
28247480
28248557
28248559
28276131
28278447
28303060
28323838
28327492
28329867
28331022
28370353
28389975
28396180
28410856
28413709
28416030
28418163
28431515
28437320
28452648
28472425
28483068
28486594
28493898
28506191
28522892
28536519
28578330
28579482
28582564
28595181
28597694
28606500
28612623
28632431
28643887
28648111
28676310
28694690
28701492
28734148
28754095
28755989
28759970
28794518
28818699
28826872
28838910
28844367
28855464
28871794
28874701
28879833
28882104
28884712
28892315
28895973
28898959
28911268
28914089
28914218
28927477
28931446
28931452
28937923
28945120
28951497
28985387
29032789
29037500
29050493
29059120
29073590
29079017
29089398
29097960
29100973
29110353
29114969
29131091
29143702
29171995
29189922
29196576
29210282
29213453
29244062
29247347
29253029
29256912
29282160
29292530
29304202
29306357
29306607
29325447
29329059
29330419
29331848
29332552
29335041
29362011
29376861
29383616
29409164
29415276
29424552
29436160
29436490
29437184
29449185
29453244
29481995
29488192
29494058
29503213
29521883
29542093
29548721
29548857
29604484
29606317
29633694
29661332
29670402
29672668
29676484
29682232
29688673
29689719
29704671
29710716
29710717
29730329
29734988
29737879
29787739
29801896
29801902
29804147
29865086
29879608
29923469
29935757
29937440
29941156
29953925
29966477
29979473
30021532
30027214
30035003
30035696
30037284
30037742
30048834
30056433
30057445
30073037
30082208
30084177
30085899
30103335
30103612
30107062
30121084
30136743
30146591
30171210
30178175
30192444
30211612
30212839
30238286
30238588
30238866
30251374
30270027
30276884
30279047
30292146
30296336
30299347
30306414
30315392
30317048
30322899
30335265
30336992
30346491
30355543
30362933
30369270
30378268
30394003
30398087
30403307
30408646
30423541
30425751
30444020
30449141
30452412
30474244
30499598
30517631
30523659
30539722
30596660
30600489
30604055
30607676
30617439
30630729
30655032
30667129
30685297
30688000
30688355
30689584
30689734
30698470
30703703
30713036
30718064
30737341
30757953
30782219
30788615
30799347
30814568
30826716
30834978
30836806
30842292
30845903
30854733
30868501
30877750
30879736
30910421
30911822
30913958
30935215
30951261
30953654
30993719
30999680
31003069
31061232
31085360
31092277
31101555
31109909
31118162
31122239
31151748
31156171
31166519
31170813
31177644
31185923
31223247
31228259
31241031
31241428
31256511
31261554
31284232
31304792
31311842
31320275
31321539
31327051
31342135
31343240
31361357
31388746
31402683
31411039
31422368
31428305
31434232
31435870
31446592
31448481
31469297
31494822
31495773
31503333
31526407
31534024
31535612
31553039
31559533
31565112
31571008
31588880
31616991
31633557
31635199
31640092
31640576
31656211
31681982
31683475
31700058
31732566
31735378
31735487
31771056
31782661
31796642
31829729
31830849
31852160
31857304
31860641
31871139
31873787
31881520
31894601
31906766
31918561
31930617
31937636
31941440
31954041
31969207
31985463
32003417
32019622
32023367
32036726
32056946
32062052
32067288
32072168
32077733
32081532
32088096
32102601
32108530
32148563
32159519
32166190
32167785
32170444
32198120
32238507
32281119
32289790
32353168
32375913
32381437
32390614
32391573
32394109
32404661
32410651
32417778
32426992
32430087
32444620
32449791
32463470
32476139
32479315
32490831
32518060
32518146
32520946
32536421
32544926
32565008
32570436
32579704
32598116
32602253
32610338
32618535
32635640
32651249
32659778
32680763
32694297
32717901
32718797
32734380
32761061
32797255
32798911
32801252
32816194
32830218
32853825
32857484
32863188
32888656
32889699
32907903
32925031
32925060
32956117
32962076
32977734
33004605
33033486
33055142
33055276
33076372
33081505
33084927
33091165
33104025
33104038
33132939
33145603
33173523
33177575
33189129
33192487
33192732
33196105
33208795
33219292
33224927
33227684
33266111
33268471
33293470
33329088
33331023
33359928
33392982
33393797
33395732
33404617
33407194
33423870
33424685
33442845
33459637
33459663
33468519
33470043
33493467
33563798
33567399
33598981
33612541
33619849
33622073
33622666
33628415
33640853
33646168
33663416
33682540
33716830
33724091
33724517
33729425
33734344
33745342
33761300
33786884
33787499
33793069
33812772
33830425
33843983
33899678
33914574
33935080
33948656
33953218
33975314
33992530
34017242
34024829
34024833
34037689
34039534
34054625
34060188
34069601
34108874
34124966
34183087
34191260
34198487
34216935
34228317
34248608
34275910
34283032
34287277
34294015
34334394
34352166
34369598
34370420
34399870
34405224
34413797
34450643
34454919
34454923
34483998
34487043
34515776
34520997
34523075
34570180
34575040
34597386
34623735
34633324
34641989
34654234
34663799
34669540
34708475
34728587
34742925
34755541
34768029
34803857
34814099
34821521
34864668
34898646
34911368
34923217
34924392
34925096
34948879
34958871
34991532
35036984
35083950
35084704
35100918
35120284
35128762
35142047
35146060
35147532
35165292
35171235
35183116
35210344
35213766
35237627
35247744
35275557
35307654
35331144
35337631
35342090
35346458
35356846
35360276
35364452
35420834
35446723
35468172
35490476
35538300
35538522
35544317
35586201
35594063
35599483
35604656
35633155
35676795
35742625
35749631
35753049
35764422
35779670
35811445
35819413
35830959
35844786
35853559
35863150
35895056
35912738
35986203
36058887
36072479
36092817
36101657
36119701
36123648
36190802
36201368
36240173
36257223
36261343
36283953
36284449
36293591
36317267
36324720
36335542
36357126
36363543
36402056
36409466
36434931
36446750
36464975
36490272
36498332
36506467
36508212
36509707
36514440
36554774
36572691
36592107
36647923
36655645
36688162
36701853
36715000
36736499
36745966
36756689
36758621
36775580
36799956
36941070
36943287
36950826
36979186
36999914
37020737
37066911
37076567
37097662
37128648
37130464
37132066
37194465
37201184
37221053
37238956
37335212
37348392
37351584
37381880
37385899
37396666
37425947
37449850
37488778
37510946
37526768
37528586
37545719
37551136
37620920
37629464
37668827
37711233
37729769
37732590
37741610
37749500
37782966
37782967
37801360
37803500
37817385
37914222
37915279
37922191
37932240
37970813
37980780
37990547
37995462
38015288
38036966
38108673
38141049
38143362
38153242
38155179
38179433
38207223
38212973
38214108
38232445
38237255
38237369
38239023
38279143
38303088
38303161
38306041
38313558
38344232
38345702
38356477
38374744
38389222
38400706
38403289
38416170
38426222
38443298
38452292
38462968
38494742
38505945
38513369
38513620
38545654
38557431
38582898
38593940
38597943
38640961
38696151
38704737
38709856
38710325
38717798
38720624
38758282
38766481
38768581
38769801
38776029
38778380
38780969
38781250
38816695
38830182
38833653
38834246
38834971
38839316
38839833
38848193
38874248
38877658
38899465
38907208
38909542
38940382
38942197
38976268
38982845
39004615
39013750
39023149
39031368
39052823
39068922
39092182
39107406
39117299
39129694
39164158
39164933
39179981
39182059
39195952
39203722
39214962
39225548
39231554
39231919
39234671
39235323
39243355
39255020
39266407
39269457
39297292
39302979
39307006
39311248
39321409
39322558
39324780
39344629
39377555
39384733
39391020
39419460
39427932
39430139
39442414
39460556
39471701
39478058
39490916
39503372
39503943
39531267
39540250
39543583
39549084
39558464
39558706
39563193
39579261
39603508
39608085
39610284
39611055
39617744
39624803
39634772
39658351
39668706
39710559
39713899
39744374
39761756
39761997
39781213
39789030
39793542
39812009
39821434
39823778
39825282
39831385
39835577
39841404
39856128
39862581
39862881
39863474
39868480
39868558
39868903
39882790
39887591
39909861
39922446
39962563
39962903
39986906
39994576
39996907
40021526
40026013
40027981
40033596
40045225
40045280
40050378
40053803
40074663
40084663
40084665
40086910
40103483
40107929
40117894
40120211
40121512
40123132
40126083
40142629
40157435
40186124
40192627
40203967
40214960
40215604
40219895
40227643
40238956
40246706
40252512
40261292
40263062
40267731
40271986
40280825
40294408
40308647
40340052
40353593
40354560
40359409
40381314
40384367
40388933
40390335
40415148
40426671
40438953
40441773
40441942
40442715
40451311
40457034
40462618
40471217
40480282
40488989
40492471
40495289
40495575
40500311
40528389
40543818
40550276
40588789
40600025
40611851
40618026
40636250
40659932
40668307
40683774
40724201
40752280
40753941
40759509
40762150
40768869
40774233
40789339
40820228
40857986
40879406
40891041
40901038
40903428
40917242
40939399
40948447
40958393
40993548
41008319
41008351
41023472
41058585
41076410
41076734
41087656
41094694
41117394
41149362
41160926
41193992
41214532
41238723
41248359
